t_wall,t_sim,exp_id,gt_x,gt_y,gt_z,gt_dyaw_deg,vslam_x,vslam_y,vslam_z,vslam_dyaw_deg,pos_error_m,yaw_error_deg,vo_state,feature_count,msg_age_s
1788688537.710043,36.964000,gate_sweep_poor_low_r01,0.0017546787858009338,-0.00575646385550499,-0.0022827833890914917,0.0006164202194535381,0.0,0.0,0.0,0.0,0.0064363711641411145,0.0006164202194535381,,,1788688500.7460222
1788688537.752172,36.996000,gate_sweep_poor_low_r01,0.0018956717103719711,-0.006017774343490601,-0.0019007623195648193,0.000179248381220405,0.0,0.0,0.0,0.0,0.006589391222120277,0.000179248381220405,1,143,1788688500.756152
1788688537.796454,37.028000,gate_sweep_poor_low_r01,0.0020275190472602844,-0.006259080022573471,-0.0015226900577545166,-1.8509105593295953e-05,0.0,0.0,0.0,0.0,0.006753184524945696,1.8509105593295953e-05,1,143,1788688500.7684374
1788688537.839580,37.060000,gate_sweep_poor_low_r01,0.0022252481430768967,-0.006508823484182358,-0.0010606348514556885,-0.0007398465778447142,0.0,0.0,0.0,0.0,0.006959989851618562,0.0007398465778447142,1,143,1788688500.779557
1788688537.887353,37.096000,gate_sweep_poor_low_r01,0.002422349527478218,-0.006697490811347961,-0.0006989836692810059,-0.000852249106790518,0.0,0.0,0.0,0.0,0.007156307607368891,0.000852249106790518,1,143,1788688500.7913368
1788688537.931487,37.128000,gate_sweep_poor_low_r01,0.002619795501232147,-0.006827954202890396,-0.0004321634769439697,-0.0006784233166962206,0.0,0.0,0.0,0.0,0.007326052984783084,0.0006784233166962206,1,143,1788688500.8034678
1788688537.977442,37.160000,gate_sweep_poor_low_r01,0.002961108461022377,-0.006981935352087021,-0.00010764598846435547,-0.0006099572266310937,0.0,0.0,0.0,0.0,0.007584666916713831,0.0006099572266310937,1,143,1788688500.8174217
1788688538.029444,37.192000,gate_sweep_poor_low_r01,0.0035130176693201065,-0.007210474461317062,0.0002516210079193115,-0.0008627850240751051,0.0,0.0,0.0,0.0,0.008024683684350878,0.0008627850240751051,1,143,1788688500.837417
1788688538.074042,37.228000,gate_sweep_poor_low_r01,0.004011139273643494,-0.00745522603392601,0.0005267560482025146,-0.0014296685786587048,0.0,0.0,0.0,0.0,0.008482163958790902,0.0014296685786587048,1,143,1788688500.8460236
1788688538.116822,37.260000,gate_sweep_poor_low_r01,0.004535060375928879,-0.007763216271996498,0.0007568895816802979,-0.0014636257210963114,0.0,0.0,0.0,0.0,0.009022592827894183,0.0014636257210963114,1,143,1788688500.8568063
1788688538.164834,37.292000,gate_sweep_poor_low_r01,0.004921240732073784,-0.008010251447558403,0.0009104013442993164,-0.002078618639282977,0.0,0.0,0.0,0.0,0.00944518762142053,0.002078618639282977,1,143,1788688500.8728144
1788688538.213193,37.324000,gate_sweep_poor_low_r01,0.00564512237906456,-0.008433714509010315,0.0011143088340759277,-0.0029667483378554996,0.0,0.0,0.0,0.0,0.010209634237905208,0.0029667483378554996,1,143,1788688500.8891737
1788688538.258530,37.360000,gate_sweep_poor_low_r01,0.006262846291065216,-0.00878964364528656,0.0012094080448150635,-0.0026451427389286727,0.0,0.0,0.0,0.0,0.010860190923528882,0.0026451427389286727,1,143,1788688500.89851
1788688538.301210,37.392000,gate_sweep_poor_low_r01,0.006913479417562485,-0.00916830450296402,0.0012770295143127441,-0.004233537007274038,0.0,0.0,0.0,0.0,0.011553562632216794,0.004233537007274038,1,143,1788688500.9091873
1788688538.342685,37.424000,gate_sweep_poor_low_r01,0.007753260433673859,-0.009712990373373032,0.0013623237609863281,-0.004058611541583382,0.0,0.0,0.0,0.0,0.01250244597570242,0.004058611541583382,1,143,1788688500.918665
1788688538.386172,37.456000,gate_sweep_poor_low_r01,0.008427467197179794,-0.010171797126531601,0.0014471113681793213,-0.0039522463081500345,0.0,0.0,0.0,0.0,0.013288408161054198,0.0039522463081500345,1,143,1788688500.930153
1788688538.431359,37.492000,gate_sweep_poor_low_r01,0.008935665711760521,-0.010511917993426323,0.0015250742435455322,-0.004153628059061327,0.0,0.0,0.0,0.0,0.013880648149894828,0.004153628059061328,1,143,1788688500.9393353
1788688538.474288,37.524000,gate_sweep_poor_low_r01,0.009800456464290619,-0.011028841137886047,0.0016483068466186523,-0.004330448017319915,0.0,0.0,0.0,0.0,0.014845915236649888,0.004330448017319915,1,143,1788688500.950267
1788688538.524722,37.556000,gate_sweep_poor_low_r01,0.010490566492080688,-0.011398771777749062,0.001820296049118042,-0.004613724117961873,0.0,0.0,0.0,0.0,0.015597995418399423,0.004613724117961873,1,143,1788688500.9687016
1788688538.571893,37.588000,gate_sweep_poor_low_r01,0.011207440868020058,-0.011758334934711456,0.0020718276500701904,-0.004214038755287833,0.0,0.0,0.0,0.0,0.016375519566066213,0.004214038755287833,1,143,1788688500.9838505
1788688538.680614,37.624000,gate_sweep_poor_low_r01,0.012165948748588562,-0.012231653556227684,0.0025299489498138428,-0.004934938229061908,0.0,0.0,0.0,0.0,0.017436292592220546,0.004934938229061908,1,143,1788688501.0565934
1788688538.725079,37.656000,gate_sweep_poor_low_r01,0.012963816523551941,-0.012632912024855614,0.0028854012489318848,-0.004896885919782324,0.0,0.0,0.0,0.0,0.018329662993394003,0.004896885919782325,1,143,1788688501.069063
1788688538.774095,37.688000,gate_sweep_poor_low_r01,0.013589847832918167,-0.01293189823627472,0.0031401216983795166,-0.006030582959721324,0.0,0.0,0.0,0.0,0.019020471087643168,0.006030582959721323,1,143,1788688501.086079
1788688538.817713,37.720000,gate_sweep_poor_low_r01,0.01472482830286026,-0.013419555500149727,0.003649771213531494,-0.006785282697968444,0.0,0.0,0.0,0.0,0.0202540333830434,0.006785282697968444,1,143,1788688501.0976925
1788688538.866355,37.756000,gate_sweep_poor_low_r01,0.015691250562667847,-0.013842500746250153,0.004060149192810059,-0.006484115800250156,0.0,0.0,0.0,0.0,0.021314665903978795,0.006484115800250156,1,143,1788688501.110336
1788688538.913739,37.788000,gate_sweep_poor_low_r01,0.016689352691173553,-0.014299184083938599,0.004430323839187622,-0.00652462458396925,0.0,0.0,0.0,0.0,0.022419387325188417,0.00652462458396925,1,143,1788688501.1257234
1788688538.963028,37.820000,gate_sweep_poor_low_r01,0.017684362828731537,-0.014751212671399117,0.004877001047134399,-0.006281752125968938,0.0,0.0,0.0,0.0,0.023539755800534922,0.006281752125968938,1,143,1788688501.143008
1788688539.007033,37.852000,gate_sweep_poor_low_r01,0.01890886202454567,-0.015256455168128014,0.005386143922805786,-0.006725784008275966,0.0,0.0,0.0,0.0,0.02488604094100914,0.006725784008275966,1,143,1788688501.1550126
1788688539.065951,37.888000,gate_sweep_poor_low_r01,0.019634179770946503,-0.015525370836257935,0.005650073289871216,-0.0075257404523863,0.0,0.0,0.0,0.0,0.02566050434153798,0.0075257404523863,1,143,1788688501.1779335
1788688539.170344,37.920000,gate_sweep_poor_low_r01,0.020597293972969055,-0.015855858102440834,0.006055921316146851,-0.007869883287523386,0.0,0.0,0.0,0.0,0.0266895286238069,0.007869883287523386,1,143,1788688501.2503202
1788688539.218709,37.952000,gate_sweep_poor_low_r01,0.021521005779504776,-0.016176223754882812,0.006452441215515137,-0.008898524096869642,0.0,0.0,0.0,0.0,0.0276849761128521,0.008898524096869642,1,143,1788688501.2666895
1788688539.267163,37.984000,gate_sweep_poor_low_r01,0.022624067962169647,-0.016498155891895294,0.006890714168548584,-0.009080001659381503,0.0,0.0,0.0,0.0,0.028836080537111605,0.009080001659381505,1,143,1788688501.283146
1788688539.315420,38.020000,gate_sweep_poor_low_r01,0.023471903055906296,-0.016612248495221138,0.007222414016723633,-0.009025186763610742,0.0,0.0,0.0,0.0,0.029648951033077145,0.00902518676361074,1,143,1788688501.2954018
1788688539.358550,38.052000,gate_sweep_poor_low_r01,0.02407006546854973,-0.016601737588644028,0.007417351007461548,-0.008823671899480861,0.0,0.0,0.0,0.0,0.03016625330713705,0.008823671899480861,1,143,1788688501.306531
1788688539.407129,38.084000,gate_sweep_poor_low_r01,0.025096241384744644,-0.01653119921684265,0.007707774639129639,-0.00899489224192688,0.0,0.0,0.0,0.0,0.031024372178594023,0.00899489224192688,1,143,1788688501.3231094
1788688539.448299,38.116000,gate_sweep_poor_low_r01,0.02572794258594513,-0.01631154678761959,0.007872998714447021,-0.009094530226212505,0.0,0.0,0.0,0.0,0.031463911026254766,0.009094530226212505,1,143,1788688501.332282
1788688539.495673,38.152000,gate_sweep_poor_low_r01,0.026280038058757782,-0.01600250042974949,0.007994204759597778,-0.009278884019766244,0.0,0.0,0.0,0.0,0.03179037165734722,0.009278884019766244,1,143,1788688501.3436534
1788688539.538799,38.184000,gate_sweep_poor_low_r01,0.02686091884970665,-0.015540489926934242,0.008049726486206055,-0.009159673730427462,0.0,0.0,0.0,0.0,0.03205953657061184,0.009159673730427462,1,143,1788688501.3547797
1788688539.583984,38.216000,gate_sweep_poor_low_r01,0.027244456112384796,-0.01516750454902649,0.00800374150276184,-0.007984701791709257,0.0,0.0,0.0,0.0,0.03219275479277026,0.007984701791709257,1,143,1788688501.367968
1788688539.627804,38.248000,gate_sweep_poor_low_r01,0.027479011565446854,-0.014856919646263123,0.007856547832489014,-0.007394043245522778,0.0,0.0,0.0,0.0,0.03221101491467894,0.007394043245522778,1,143,1788688501.3797843
1788688539.672789,38.284000,gate_sweep_poor_low_r01,0.027695484459400177,-0.014455024152994156,0.007529467344284058,-0.006547563177953683,0.0,0.0,0.0,0.0,0.03213534597904869,0.006547563177953683,1,143,1788688501.3887641
1788688539.716526,38.316000,gate_sweep_poor_low_r01,0.027726605534553528,-0.01421859860420227,0.0071694254875183105,-0.0059023147708536705,0.0,0.0,0.0,0.0,0.03197395600417994,0.0059023147708536705,1,143,1788688501.4005072
1788688539.766894,38.348000,gate_sweep_poor_low_r01,0.027654901146888733,-0.013948243111371994,0.00681111216545105,-0.005659867290872953,0.0,0.0,0.0,0.0,0.03171337718169542,0.005659867290872953,1,143,1788688501.4188764
1788688539.809981,38.380000,gate_sweep_poor_low_r01,0.027438901364803314,-0.013601601123809814,0.006347179412841797,-0.0045237000946316015,0.0,0.0,0.0,0.0,0.03127592600927161,0.0045237000946316015,1,143,1788688501.4299634
1788688539.854192,38.416000,gate_sweep_poor_low_r01,0.027237236499786377,-0.013325551524758339,0.005906641483306885,-0.004398162226800402,0.0,0.0,0.0,0.0,0.030892163880126725,0.004398162226800402,1,143,1788688501.4381707
1788688539.901705,38.448000,gate_sweep_poor_low_r01,0.02708600088953972,-0.01315220445394516,0.005532294511795044,-0.004706049072338173,0.0,0.0,0.0,0.0,0.030614346453121596,0.004706049072338173,1,143,1788688501.453679
1788688539.943751,38.480000,gate_sweep_poor_low_r01,0.026881050318479538,-0.012931985780596733,0.005044490098953247,-0.0043853571291997415,0.0,0.0,0.0,0.0,0.03025349571227468,0.004385357129199741,1,143,1788688501.463734
1788688539.990403,38.512000,gate_sweep_poor_low_r01,0.02660173922777176,-0.012738170102238655,0.004415720701217651,-0.003705673362746416,0.0,0.0,0.0,0.0,0.02982301287273135,0.003705673362746416,1,143,1788688501.4783835
1788688540.036214,38.548000,gate_sweep_poor_low_r01,0.026394762098789215,-0.012679548934102058,0.0039279162883758545,-0.0030291871255384334,0.0,0.0,0.0,0.0,0.02954459263202755,0.0030291871255384334,1,143,1788688501.4881968
1788688540.079122,38.580000,gate_sweep_poor_low_r01,0.026240244507789612,-0.012685278430581093,0.0034369230270385742,-0.002968234594952614,0.0,0.0,0.0,0.0,0.029347558000347097,0.002968234594952614,1,143,1788688501.4991033
1788688540.125825,38.612000,gate_sweep_poor_low_r01,0.026147019118070602,-0.012733802199363708,0.0031090378761291504,-0.002886452604147617,0.0,0.0,0.0,0.0,0.029248631484711816,0.002886452604147617,1,143,1788688501.5138073
1788688540.172800,38.644000,gate_sweep_poor_low_r01,0.02601199597120285,-0.01285572350025177,0.0024927854537963867,-0.0022990042960199645,0.0,0.0,0.0,0.0,0.029122285975511225,0.0022990042960199645,1,143,1788688501.5287836
1788688540.224582,38.680000,gate_sweep_poor_low_r01,0.025928620249032974,-0.012975532561540604,0.0019314885139465332,-0.0028183418545467197,0.0,0.0,0.0,0.0,0.029058362671590267,0.0028183418545467197,1,143,1788688501.5445557
1788688540.268432,38.712000,gate_sweep_poor_low_r01,0.025828823447227478,-0.013129403814673424,0.0014737844467163086,-0.002411786069128838,0.0,0.0,0.0,0.0,0.02901174599696116,0.002411786069128838,1,143,1788688501.556412
1788688540.312144,38.744000,gate_sweep_poor_low_r01,0.025647275149822235,-0.013342011719942093,0.0009442567825317383,-0.002217347536387718,0.0,0.0,0.0,0.0,0.028925483923646265,0.002217347536387718,1,143,1788688501.5681272
1788688540.354617,38.776000,gate_sweep_poor_low_r01,0.025457754731178284,-0.013546064496040344,0.0005279183387756348,-0.002593005520676626,0.0,0.0,0.0,0.0,0.028842188492833386,0.002593005520676626,1,143,1788688501.5785947
1788688540.400168,38.812000,gate_sweep_poor_low_r01,0.025294039398431778,-0.013710590079426765,0.00021696090698242188,-0.0024121734463518956,0.0,0.0,0.0,0.0,0.02877178794323796,0.0024121734463518956,1,143,1788688501.5881517
1788688540.445759,38.844000,gate_sweep_poor_low_r01,0.02495162934064865,-0.013972222805023193,-0.00029718875885009766,-0.0020698694886958167,0.0,0.0,0.0,0.0,0.02859886602690246,0.0020698694886958167,1,143,1788688501.6017406
1788688540.489836,38.876000,gate_sweep_poor_low_r01,0.02457982301712036,-0.01418985053896904,-0.000714033842086792,-0.002715947561885588,0.0,0.0,0.0,0.0,0.028390656952576584,0.002715947561885588,1,143,1788688501.6138184
1788688540.537207,38.908000,gate_sweep_poor_low_r01,0.024144455790519714,-0.014418181031942368,-0.001239389181137085,-0.003010140814848177,0.0,0.0,0.0,0.0,0.028149152300425376,0.003010140814848177,1,143,1788688501.6291888
1788688540.584426,38.944000,gate_sweep_poor_low_r01,0.023570939898490906,-0.014672456309199333,-0.001863732933998108,-0.0025757887468779994,0.0,0.0,0.0,0.0,0.02782703150343031,0.002575788746877999,1,143,1788688501.6404052
1788688540.627138,38.976000,gate_sweep_poor_low_r01,0.023064017295837402,-0.014909153804183006,-0.00235062837600708,-0.0026165500337749265,0.0,0.0,0.0,0.0,0.02756369377898327,0.0026165500337749265,1,143,1788688501.651121
1788688540.677187,39.008000,gate_sweep_poor_low_r01,0.02269226312637329,-0.01512165553867817,-0.0026557445526123047,-0.003064499257477171,0.0,0.0,0.0,0.0,0.027398106707503114,0.0030644992574771716,1,143,1788688501.6691654
1788688540.722620,39.040000,gate_sweep_poor_low_r01,0.02207423374056816,-0.015540188178420067,-0.0030958950519561768,-0.003819382901800814,0.0,0.0,0.0,0.0,0.02717266659764314,0.003819382901800814,1,143,1788688501.6826015
1788688540.767873,39.076000,gate_sweep_poor_low_r01,0.021610494703054428,-0.015911491587758064,-0.0034169554710388184,-0.004653203969859952,0.0,0.0,0.0,0.0,0.027052996701827717,0.004653203969859953,1,143,1788688501.6918437
1788688540.813066,39.108000,gate_sweep_poor_low_r01,0.021149184554815292,-0.016271423548460007,-0.0037196725606918335,-0.004974638464589947,0.0,0.0,0.0,0.0,0.02694221957422551,0.004974638464589947,1,143,1788688501.7050502
1788688540.863554,39.140000,gate_sweep_poor_low_r01,0.020677179098129272,-0.01660439558327198,-0.004079073667526245,-0.005412003274836158,0.0,0.0,0.0,0.0,0.026830775801810168,0.005412003274836157,1,143,1788688501.723535
1788688540.911620,39.172000,gate_sweep_poor_low_r01,0.02003900334239006,-0.016967639327049255,-0.0046648383140563965,-0.00566159933547348,0.0,0.0,0.0,0.0,0.02666876742156332,0.00566159933547348,1,143,1788688501.7396011
1788688540.958289,39.208000,gate_sweep_poor_low_r01,0.019605692476034164,-0.01715513877570629,-0.004981368780136108,-0.005139126666210252,0.0,0.0,0.0,0.0,0.026523498992445903,0.005139126666210252,1,143,1788688501.7502718
1788688541.002253,39.240000,gate_sweep_poor_low_r01,0.019029878079891205,-0.017398776486516,-0.005435198545455933,-0.005836256688167429,0.0,0.0,0.0,0.0,0.026351376931610083,0.005836256688167429,1,143,1788688501.762233
1788688541.047513,39.272000,gate_sweep_poor_low_r01,0.01847316324710846,-0.017614737153053284,-0.005890890955924988,-0.005795121549972462,0.0,0.0,0.0,0.0,0.026196169979217827,0.005795121549972462,1,143,1788688501.7754943
1788688541.094025,39.304000,gate_sweep_poor_low_r01,0.017827104777097702,-0.01782420091331005,-0.0064548105001449585,-0.00622898241954211,0.0,0.0,0.0,0.0,0.026022536031763778,0.00622898241954211,1,143,1788688501.7900054
1788688541.142164,39.340000,gate_sweep_poor_low_r01,0.0173225998878479,-0.017900455743074417,-0.006972774863243103,-0.007258007984439039,0.0,0.0,0.0,0.0,0.025867322474073518,0.007258007984439039,1,143,1788688501.8021467
1788688541.187907,39.372000,gate_sweep_poor_low_r01,0.01692045107483864,-0.01787574030458927,-0.007413432002067566,-0.007469770418511419,0.0,0.0,0.0,0.0,0.025706083522435013,0.0074697704185114205,1,143,1788688501.8158872
1788688541.233923,39.404000,gate_sweep_poor_low_r01,0.016202539205551147,-0.017764942720532417,-0.008145064115524292,-0.0079380472817279,0.0,0.0,0.0,0.0,0.025386168202728456,0.0079380472817279,1,143,1788688501.8298967
1788688541.279389,39.436000,gate_sweep_poor_low_r01,0.015576165169477463,-0.017666511237621307,-0.00870378315448761,-0.007401567376659342,0.0,0.0,0.0,0.0,0.025109328583141865,0.007401567376659342,1,143,1788688501.8433716
1788688541.322680,39.472000,gate_sweep_poor_low_r01,0.014906462281942368,-0.017587127164006233,-0.009243965148925781,-0.006441680485875624,0.0,0.0,0.0,0.0,0.02483869061203611,0.0064416804858756236,1,143,1788688501.850664
1788688541.367769,39.504000,gate_sweep_poor_low_r01,0.013998448848724365,-0.017498042434453964,-0.009822070598602295,-0.006903443600725203,0.0,0.0,0.0,0.0,0.024466530813587604,0.006903443600725203,1,143,1788688501.8637528
1788688541.412807,39.536000,gate_sweep_poor_low_r01,0.013215865939855576,-0.017466628924012184,-0.010214745998382568,-0.0070161971338464964,0.0,0.0,0.0,0.0,0.024167814843730626,0.0070161971338464964,1,143,1788688501.8767884
1788688541.462068,39.568000,gate_sweep_poor_low_r01,0.012612596154212952,-0.017449285835027695,-0.010481566190719604,-0.0074980325404541024,0.0,0.0,0.0,0.0,0.023946156011188973,0.0074980325404541024,1,143,1788688501.8940475
1788688541.507519,39.604000,gate_sweep_poor_low_r01,0.011628462001681328,-0.017410198226571083,-0.010910987854003906,-0.006613151837479238,0.0,0.0,0.0,0.0,0.023609019182576522,0.006613151837479238,1,143,1788688501.9034996
1788688541.556212,39.636000,gate_sweep_poor_low_r01,0.01089770719408989,-0.01735057681798935,-0.011257365345954895,-0.00686313500289569,0.0,0.0,0.0,0.0,0.023377998471583793,0.006863135002895691,1,143,1788688501.920193
1788688541.599040,39.668000,gate_sweep_poor_low_r01,0.010192928835749626,-0.017274774610996246,-0.01161821186542511,-0.005961160349263603,0.0,0.0,0.0,0.0,0.023179656664007807,0.005961160349263603,1,143,1788688501.93102
1788688541.647233,39.700000,gate_sweep_poor_low_r01,0.009317437186837196,-0.017153829336166382,-0.012114331126213074,-0.00514132769187357,0.0,0.0,0.0,0.0,0.022974453535623298,0.00514132769187357,1,143,1788688501.9472127
1788688541.696226,39.736000,gate_sweep_poor_low_r01,0.008648090064525604,-0.01699201948940754,-0.01253180205821991,-0.0048269110193974825,0.0,0.0,0.0,0.0,0.022815877167423497,0.0048269110193974825,1,143,1788688501.9602058
1788688541.738848,39.768000,gate_sweep_poor_low_r01,0.00813453271985054,-0.016814013943076134,-0.012864947319030762,-0.005048662576149153,0.0,0.0,0.0,0.0,0.022680135735257723,0.005048662576149153,1,143,1788688501.970829
1788688541.784584,39.800000,gate_sweep_poor_low_r01,0.007421400398015976,-0.016577057540416718,-0.013302400708198547,-0.005021289001237924,0.0,0.0,0.0,0.0,0.022512882648995435,0.005021289001237924,1,143,1788688501.9845638
1788688541.831767,39.832000,gate_sweep_poor_low_r01,0.006476251408457756,-0.01625710166990757,-0.013854533433914185,-0.005011503710526369,0.0,0.0,0.0,0.0,0.022320019795750823,0.005011503710526369,1,143,1788688501.999748
1788688541.875793,39.868000,gate_sweep_poor_low_r01,0.005735091865062714,-0.01601000316441059,-0.01429082453250885,-0.00474121540224496,0.0,0.0,0.0,0.0,0.02221349017700961,0.00474121540224496,1,143,1788688502.0077748
1788688541.922143,39.900000,gate_sweep_poor_low_r01,0.005021288990974426,-0.01578288897871971,-0.014678701758384705,-0.004491985475115609,0.0,0.0,0.0,0.0,0.022130910802700358,0.004491985475115609,1,143,1788688502.0221179
1788688541.967398,39.932000,gate_sweep_poor_low_r01,0.004542604088783264,-0.015616359189152718,-0.014963001012802124,-0.005298354955015574,0.0,0.0,0.0,0.0,0.0220997132456777,0.005298354955015574,1,134,1788688502.0353818
1788688542.019286,39.964000,gate_sweep_poor_low_r01,0.003829844295978546,-0.015354756265878677,-0.015502169728279114,-0.0058176715333473315,0.0,0.0,0.0,0.0,0.022152957220207718,0.0058176715333473315,1,116,1788688502.0552683
1788688542.069932,40.000000,gate_sweep_poor_low_r01,0.0033302921801805496,-0.015135735273361206,-0.01592513918876648,-0.005182450189858824,0.0,0.0,0.0,0.0,0.0222214172917082,0.005182450189858824,1,109,1788688502.0699124
1788688542.116752,40.032000,gate_sweep_poor_low_r01,0.0028608813881874084,-0.01489749364554882,-0.016348719596862793,-0.004430430097450077,0.0,0.0,0.0,0.0,0.022302479496533342,0.004430430097450077,1,101,1788688502.0847309
1788688542.158926,40.064000,gate_sweep_poor_low_r01,0.002248590812087059,-0.014601483941078186,-0.016958847641944885,-0.0040104101633700925,0.0,0.0,0.0,0.0,0.022491376286578508,0.0040104101633700925,1,97,1788688502.09491
1788688542.205054,40.096000,gate_sweep_poor_low_r01,0.0017108563333749771,-0.014354344457387924,-0.017489999532699585,-0.0038632027352271062,0.0,0.0,0.0,0.0,0.022690842158206125,0.0038632027352271062,1,93,1788688502.109033
1788688542.247439,40.132000,gate_sweep_poor_low_r01,0.0012737102806568146,-0.01416994072496891,-0.017886683344841003,-0.004256418818206666,0.0,0.0,0.0,0.0,0.022854824416450804,0.004256418818206666,1,92,1788688502.1154206
1788688542.292453,40.164000,gate_sweep_poor_low_r01,0.0004734266549348831,-0.013852864503860474,-0.01854085922241211,-0.0032828013134504888,0.0,0.0,0.0,0.0,0.02314928613295072,0.0032828013134504883,1,92,1788688502.1284308
1788688542.338385,40.196000,gate_sweep_poor_low_r01,-0.0002196282148361206,-0.013586021959781647,-0.01897554099559784,-0.0032657830497047975,0.0,0.0,0.0,0.0,0.0233387957127191,0.0032657830497047975,1,91,1788688502.1423628
1788688542.383663,40.228000,gate_sweep_poor_low_r01,-0.0009398441761732101,-0.013292331248521805,-0.019300177693367004,-0.0026916356498557286,0.0,0.0,0.0,0.0,0.023453490914818145,0.0026916356498557286,1,90,1788688502.1556432
1788688542.431747,40.264000,gate_sweep_poor_low_r01,-0.0018086694180965424,-0.012875963002443314,-0.019657239317893982,-0.0014654429644244975,0.0,0.0,0.0,0.0,0.023568384881132685,0.0014654429644244975,1,89,1788688502.1677322
1788688542.476573,40.296000,gate_sweep_poor_low_r01,-0.0024584028869867325,-0.01252778060734272,-0.019927427172660828,-0.0006388712645068669,0.0,0.0,0.0,0.0,0.023666249923090014,0.0006388712645068669,1,87,1788688502.1805549
1788688542.525654,40.328000,gate_sweep_poor_low_r01,-0.0029095904901623726,-0.012248344719409943,-0.020080357789993286,-0.0003998428483774019,0.0,0.0,0.0,0.0,0.023700388903140066,0.0003998428483774019,1,86,1788688502.197634
1788688542.569335,40.360000,gate_sweep_poor_low_r01,-0.0035955365747213364,-0.011692605912685394,-0.02021995186805725,-0.00019111381017443708,0.0,0.0,0.0,0.0,0.02363242200528918,0.00019111381017443706,1,86,1788688502.2093112
1788688542.613246,40.396000,gate_sweep_poor_low_r01,-0.004122826270759106,-0.011125301942229271,-0.020279288291931152,0.0008300291867578893,0.0,0.0,0.0,0.0,0.023495096794690754,0.0008300291867578893,1,85,1788688502.2172263
1788688542.664089,40.428000,gate_sweep_poor_low_r01,-0.004629440605640411,-0.010459447279572487,-0.02032513916492462,0.001035000154629637,0.0,0.0,0.0,0.0,0.02332258647296353,0.001035000154629637,1,85,1788688502.2360635
1788688542.705626,40.460000,gate_sweep_poor_low_r01,-0.005117306485772133,-0.009712263941764832,-0.020373240113258362,0.001113414125715471,0.0,0.0,0.0,0.0,0.02314268370903233,0.001113414125715471,1,85,1788688502.245612
1788688542.758640,40.492000,gate_sweep_poor_low_r01,-0.005741899833083153,-0.008705876767635345,-0.020421341061592102,0.0014280302113828733,0.0,0.0,0.0,0.0,0.02293017389249983,0.0014280302113828733,1,85,1788688502.2666209
1788688542.806189,40.528000,gate_sweep_poor_low_r01,-0.006120186299085617,-0.008065719157457352,-0.020447731018066406,0.0019403131741643918,0.0,0.0,0.0,0.0,0.02281714727238453,0.0019403131741643918,1,85,1788688502.2781725
1788688542.851319,40.560000,gate_sweep_poor_low_r01,-0.006613279692828655,-0.007168972864747047,-0.02043791115283966,0.0010244482649874672,0.0,0.0,0.0,0.0,0.0226459235299077,0.0010244482649874672,1,85,1788688502.2912993
1788688542.898420,40.592000,gate_sweep_poor_low_r01,-0.007071543484926224,-0.006228189915418625,-0.020426377654075623,0.0013998331768447275,0.0,0.0,0.0,0.0,0.022495199064436942,0.0013998331768447275,1,85,1788688502.3064015
1788688542.939785,40.624000,gate_sweep_poor_low_r01,-0.007582717575132847,-0.004945460706949234,-0.020431816577911377,0.0013657533299759434,0.0,0.0,0.0,0.0,0.022347579647505937,0.0013657533299759434,1,84,1788688502.315768
1788688542.986315,40.660000,gate_sweep_poor_low_r01,-0.007952490821480751,-0.003834035247564316,-0.02044464647769928,0.001000142307630249,0.0,0.0,0.0,0.0,0.022269384952068226,0.001000142307630249,1,84,1788688502.3262975
1788688543.031110,40.692000,gate_sweep_poor_low_r01,-0.008208956569433212,-0.0029599256813526154,-0.020451009273529053,0.00024503192770581076,0.0,0.0,0.0,0.0,0.022234925417098723,0.00024503192770581076,1,84,1788688502.3390915
1788688543.076403,40.724000,gate_sweep_poor_low_r01,-0.00862948875874281,-0.0014416910707950592,-0.020490244030952454,-9.31243195458377e-05,0.0,0.0,0.0,0.0,0.022279960723234262,9.31243195458377e-05,1,84,1788688502.3523815
1788688543.117935,40.756000,gate_sweep_poor_low_r01,-0.008972576819360256,-0.0002198629081249237,-0.020588308572769165,-0.0010741084658318818,0.0,0.0,0.0,0.0,0.02245960650512939,0.0010741084658318818,1,83,1788688502.361914
1788688543.162830,40.792000,gate_sweep_poor_low_r01,-0.009308725595474243,0.0009279139339923859,-0.0207587331533432,-0.0017132953147472932,0.0,0.0,0.0,0.0,0.022769242381169487,0.0017132953147472932,1,83,1788688502.3708098
1788688543.208588,40.824000,gate_sweep_poor_low_r01,-0.009669055230915546,0.0022667385637760162,-0.02106720209121704,-0.001597204507405786,0.0,0.0,0.0,0.0,0.023290679181320245,0.001597204507405786,1,83,1788688502.3845716
1788688543.256515,40.856000,gate_sweep_poor_low_r01,-0.009941665921360254,0.0033020786941051483,-0.021373480558395386,-0.0026291370691792133,0.0,0.0,0.0,0.0,0.023802649351996608,0.0026291370691792133,1,83,1788688502.4004948
1788688543.302368,40.888000,gate_sweep_poor_low_r01,-0.01014928799122572,0.004066158086061478,-0.02158235013484955,-0.0027038164554541366,0.0,0.0,0.0,0.0,0.02419379105582509,0.0027038164554541366,1,83,1788688502.4143472
1788688543.347134,40.924000,gate_sweep_poor_low_r01,-0.010501518845558167,0.005298402160406113,-0.0219128280878067,-0.003893273917469886,0.0,0.0,0.0,0.0,0.024870203021342224,0.003893273917469886,1,83,1788688502.423115
1788688543.394334,40.956000,gate_sweep_poor_low_r01,-0.010788153391331434,0.006213009357452393,-0.022210627794265747,-0.00605611802151271,0.0,0.0,0.0,0.0,0.025461691339855982,0.00605611802151271,1,83,1788688502.4383178
1788688543.440606,40.988000,gate_sweep_poor_low_r01,-0.011058134958148003,0.007044844329357147,-0.02253657579421997,-0.0065618715223500065,0.0,0.0,0.0,0.0,0.026073155330840033,0.0065618715223500065,1,83,1788688502.4525905
1788688543.492812,41.020000,gate_sweep_poor_low_r01,-0.01133503345772624,0.007979519665241241,-0.0229579359292984,-0.0058304165593433864,0.0,0.0,0.0,0.0,0.026818324699904642,0.0058304165593433864,1,83,1788688502.4727914
1788688543.540063,41.056000,gate_sweep_poor_low_r01,-0.011477185413241386,0.008613653481006622,-0.02334350347518921,-0.005594742675954756,0.0,0.0,0.0,0.0,0.027401459191016615,0.005594742675954757,1,83,1788688502.4840322
1788688543.584058,41.088000,gate_sweep_poor_low_r01,-0.01154725905507803,0.009028218686580658,-0.023674264550209045,-0.0052667988491955885,0.0,0.0,0.0,0.0,0.027844545719603514,0.0052667988491955885,1,83,1788688502.4960363
1788688543.626926,41.120000,gate_sweep_poor_low_r01,-0.01164945773780346,0.009551741182804108,-0.024114862084388733,-0.005550174953701362,0.0,0.0,0.0,0.0,0.028433645537588637,0.005550174953701362,1,83,1788688502.5069053
1788688543.677552,41.152000,gate_sweep_poor_low_r01,-0.011785928159952164,0.010156314820051193,-0.024724766612052917,-0.00480527071775564,0.0,0.0,0.0,0.0,0.029212547258601597,0.00480527071775564,1,82,1788688502.525531
1788688543.721209,41.188000,gate_sweep_poor_low_r01,-0.011919537093490362,0.010578121989965439,-0.02523118257522583,-0.0037732422959382557,0.0,0.0,0.0,0.0,0.029842664148866847,0.0037732422959382557,1,82,1788688502.5331917
1788688543.768004,41.220000,gate_sweep_poor_low_r01,-0.012065295595675707,0.010939862579107285,-0.02573910355567932,-0.003448908765590907,0.0,0.0,0.0,0.0,0.030459044681518943,0.003448908765590907,1,82,1788688502.547989
1788688543.813562,41.252000,gate_sweep_poor_low_r01,-0.01216979417949915,0.011174488812685013,-0.02607583999633789,-0.00268356538911617,0.0,0.0,0.0,0.0,0.03086944317785484,0.00268356538911617,1,82,1788688502.5615377
1788688543.860919,41.284000,gate_sweep_poor_low_r01,-0.012334100902080536,0.011489629745483398,-0.026569291949272156,-0.0024918813020404205,0.0,0.0,0.0,0.0,0.03146536050066261,0.0024918813020404205,1,81,1788688502.5768988
1788688543.907084,41.320000,gate_sweep_poor_low_r01,-0.012414343655109406,0.01170622929930687,-0.026946336030960083,-0.0018496257768597607,0.0,0.0,0.0,0.0,0.031894462815487634,0.0018496257768597607,1,81,1788688502.5870616
1788688543.950549,41.352000,gate_sweep_poor_low_r01,-0.01242804666981101,0.011892400681972504,-0.027220577001571655,-0.001398462870170737,0.0,0.0,0.0,0.0,0.03220008307917966,0.001398462870170737,1,81,1788688502.59853
1788688544.000988,41.384000,gate_sweep_poor_low_r01,-0.012353896629065275,0.012052636593580246,-0.02742709219455719,6.10910377627548e-05,0.0,0.0,0.0,0.0,0.032405712413512526,6.10910377627548e-05,1,81,1788688502.6169689
1788688544.044879,41.416000,gate_sweep_poor_low_r01,-0.012174834031611681,0.012099184095859528,-0.027521982789039612,0.00032080989117809993,0.0,0.0,0.0,0.0,0.032435726847459156,0.00032080989117809993,1,81,1788688502.6288488
1788688544.090821,41.452000,gate_sweep_poor_low_r01,-0.01198493828997016,0.012115072458982468,-0.02756279706954956,-0.00011652591197129462,0.0,0.0,0.0,0.0,0.03240557835925719,0.00011652591197129465,1,81,1788688502.6387942
1788688544.139083,41.484000,gate_sweep_poor_low_r01,-0.011592646595090628,0.012143459171056747,-0.027607932686805725,0.00015023165684515115,0.0,0.0,0.0,0.0,0.0323117780841133,0.00015023165684515115,1,81,1788688502.6550636
1788688544.186224,41.516000,gate_sweep_poor_low_r01,-0.011225525289773941,0.012202579528093338,-0.027637675404548645,-6.795060750780765e-05,0.0,0.0,0.0,0.0,0.03222974506473779,6.795060750780765e-05,1,81,1788688502.6702032
1788688544.229087,41.548000,gate_sweep_poor_low_r01,-0.010831163264811039,0.012281123548746109,-0.02766476571559906,-3.06367544715832e-05,0.0,0.0,0.0,0.0,0.03214777372365843,3.06367544715832e-05,1,81,1788688502.6810687
1788688544.273909,41.584000,gate_sweep_poor_low_r01,-0.010242720134556293,0.012414813041687012,-0.027714401483535767,-0.00031711404588340673,0.0,0.0,0.0,0.0,0.03204885252556628,0.00031711404588340673,1,81,1788688502.6898592
1788688544.319566,41.616000,gate_sweep_poor_low_r01,-0.009626916609704494,0.012479793280363083,-0.027676433324813843,-0.0012156100468821473,0.0,0.0,0.0,0.0,0.03184976805745477,0.0012156100468821473,1,81,1788688502.7035468
1788688544.363123,41.648000,gate_sweep_poor_low_r01,-0.009122398681938648,0.012507222592830658,-0.02763022482395172,-0.0021547154140782575,0.0,0.0,0.0,0.0,0.031671408218154236,0.002154715414078258,1,81,1788688502.715103
1788688544.408270,41.680000,gate_sweep_poor_low_r01,-0.008175542578101158,0.012532290071249008,-0.027491450309753418,-0.0030122723721735653,0.0,0.0,0.0,0.0,0.031299802411675265,0.0030122723721735653,1,81,1788688502.7282512
1788688544.451284,41.716000,gate_sweep_poor_low_r01,-0.007345438003540039,0.012529321014881134,-0.02732229232788086,-0.0034288437856362756,0.0,0.0,0.0,0.0,0.030942640524169385,0.003428843785636276,1,81,1788688502.7352636
1788688544.498700,41.748000,gate_sweep_poor_low_r01,-0.0064685530960559845,0.01248711347579956,-0.027066439390182495,-0.003674346762366544,0.0,0.0,0.0,0.0,0.03050184131124567,0.003674346762366544,1,81,1788688502.750679
1788688544.541961,41.780000,gate_sweep_poor_low_r01,-0.005525672808289528,0.012417308986186981,-0.026725471019744873,-0.004206951622034855,0.0,0.0,0.0,0.0,0.02998288551273765,0.004206951622034855,1,81,1788688502.7619452
1788688544.590972,41.812000,gate_sweep_poor_low_r01,-0.004313100129365921,0.012379571795463562,-0.02616153657436371,-0.004974977719262906,0.0,0.0,0.0,0.0,0.029262307265435227,0.004974977719262906,1,81,1788688502.7789521
1788688544.635555,41.848000,gate_sweep_poor_low_r01,-0.0035672979429364204,0.012410521507263184,-0.0257701575756073,-0.005801520615447592,0.0,0.0,0.0,0.0,0.028824428531499992,0.005801520615447592,1,81,1788688502.7875307
1788688544.684436,41.880000,gate_sweep_poor_low_r01,-0.0025955457240343094,0.012506518512964249,-0.02523268759250641,-0.0070829573977460696,0.0,0.0,0.0,0.0,0.028281414145365807,0.007082957397746068,1,81,1788688502.8044152
1788688544.727847,41.912000,gate_sweep_poor_low_r01,-0.001637183129787445,0.01265089213848114,-0.02464956045150757,-0.0076324083432143435,0.0,0.0,0.0,0.0,0.027754752222862132,0.0076324083432143435,1,81,1788688502.8158286
1788688544.775555,41.944000,gate_sweep_poor_low_r01,-0.00043507665395736694,0.012857314199209213,-0.023816749453544617,-0.008545035045654924,0.0,0.0,0.0,0.0,0.027069122162436732,0.008545035045654924,1,81,1788688502.8315341
1788688544.818936,41.980000,gate_sweep_poor_low_r01,0.0004843566566705704,0.01299818605184555,-0.023055240511894226,-0.008138260904342684,0.0,0.0,0.0,0.0,0.026471334629567547,0.008138260904342684,1,81,1788688502.8389146
1788688544.863119,42.012000,gate_sweep_poor_low_r01,0.0011460557579994202,0.013120666146278381,-0.02234719693660736,-0.008790961554361626,0.0,0.0,0.0,0.0,0.025939593960701324,0.008790961554361626,1,81,1788688502.8511012
1788688544.913013,42.044000,gate_sweep_poor_low_r01,0.002206450328230858,0.013371560722589493,-0.021128743886947632,-0.009986905556632803,0.0,0.0,0.0,0.0,0.025101611052860233,0.009986905556632803,1,81,1788688502.8689954
1788688544.959048,42.076000,gate_sweep_poor_low_r01,0.003011120483279228,0.013624366372823715,-0.02013547718524933,-0.010475624833501436,0.0,0.0,0.0,0.0,0.024497502874853378,0.010475624833501436,1,81,1788688502.883026
1788688545.005879,42.112000,gate_sweep_poor_low_r01,0.0037953760474920273,0.013917479664087296,-0.019122496247291565,-0.011511200145691345,0.0,0.0,0.0,0.0,0.023953517116904556,0.011511200145691345,1,81,1788688502.8938475
1788688545.052685,42.144000,gate_sweep_poor_low_r01,0.00478212907910347,0.014222487807273865,-0.017849132418632507,-0.011791198225466731,0.0,0.0,0.0,0.0,0.023318221331292372,0.011791198225466731,1,81,1788688502.9086654
1788688545.102554,42.176000,gate_sweep_poor_low_r01,0.005605282261967659,0.01436598226428032,-0.016829952597618103,-0.012422316384963022,0.0,0.0,0.0,0.0,0.02282647454365256,0.012422316384963022,1,81,1788688502.9265347
1788688545.149613,42.208000,gate_sweep_poor_low_r01,0.006265023723244667,0.014406286180019379,-0.01606060564517975,-0.012308447345752455,0.0,0.0,0.0,0.0,0.022466300484134352,0.012308447345752456,1,79,1788688502.9415915
1788688545.201584,42.244000,gate_sweep_poor_low_r01,0.00744716078042984,0.014345292001962662,-0.01478402316570282,-0.011930369670498328,0.0,0.0,0.0,0.0,0.02190467866176502,0.011930369670498328,1,77,1788688502.9575672
1788688545.246825,42.276000,gate_sweep_poor_low_r01,0.00854400359094143,0.014170754700899124,-0.013760000467300415,-0.012176329342968759,0.0,0.0,0.0,0.0,0.021520871242010214,0.012176329342968759,1,71,1788688502.9708056
1788688545.290629,42.308000,gate_sweep_poor_low_r01,0.009755814447999,0.013905834406614304,-0.012730047106742859,-0.012786970347222907,-0.0016611143946647644,-0.0026680435985326767,0.0007746666669845581,0.03311569897807752,0.024236686870078707,0.04590266932530043,1,68,1788688502.982606
1788688545.334414,42.340000,gate_sweep_poor_low_r01,0.011394934728741646,0.013532638549804688,-0.011391833424568176,-0.013084167348386428,0.0008681574836373329,0.002092882990837097,-0.0015054054092615843,-0.023718090857285237,0.018423422736256554,0.01063392350889881,1,59,1788688502.9943948
1788688545.388469,42.376000,gate_sweep_poor_low_r01,0.012803107500076294,0.013221673667430878,-0.010296717286109924,0.036308858923511,-6.299407687038183e-05,0.0017760359914973378,-0.0023736516013741493,-0.01971239712667333,0.01895558391191621,0.056021256050184334,1,58,1788688503.0124543
1788688545.426231,42.408000,gate_sweep_poor_low_r01,0.013931624591350555,0.01295643299818039,-0.00948728621006012,0.1376982273452645,-0.0014023407129570842,-0.0004604923306033015,-0.00026868353597819805,0.07006625612336843,0.022363519680373617,0.06763197122189608,1,137,1788688503.0182102
1788688545.474893,42.440000,gate_sweep_poor_low_r01,0.015530236065387726,0.012632668018341064,-0.008422687649726868,0.3762919756576863,-0.0010996158234775066,0.0007972957100719213,-0.002621846040710807,0.22244754786110205,0.021219749642581335,0.15384442779658428,1,91,1788688503.0348759
1788688545.521520,42.472000,gate_sweep_poor_low_r01,0.01775730401277542,0.01225201040506363,-0.007062956690788269,0.9143372413158686,-0.0015706787817180157,0.0010308565106242895,-0.004009994212538004,0.49633436120459473,0.02255672390930317,0.4180028801112738,1,76,1788688503.0494962
1788688545.576297,42.508000,gate_sweep_poor_low_r01,0.019731804728507996,0.011938326060771942,-0.005896955728530884,1.5466850532065644,-0.0018462607404217124,-0.0030967688653618097,-0.004077466670423746,1.108012027908527,0.02636242646745252,0.4386730252980373,1,60,1788688503.068278
1788688545.620997,42.540000,gate_sweep_poor_low_r01,0.021848365664482117,0.011620525270700455,-0.004794090986251831,2.3415055962644558,-0.0005249155219644308,-0.003937461879104376,-0.007645252626389265,1.7540877087409545,0.02739970433963634,0.5874178875235012,1,178,1788688503.080976
1788688545.667180,42.572000,gate_sweep_poor_low_r01,0.023558907210826874,0.011408444494009018,-0.004008427262306213,3.0376348634029324,0.0002955353702418506,-0.006702509708702564,-0.014796318486332893,2.623868197989205,0.03139378487196905,0.4137666654137274,1,107,1788688503.0951595
1788688545.722586,42.604000,gate_sweep_poor_low_r01,0.0266474187374115,0.011114440858364105,-0.0027921944856643677,4.370376369893756,-0.0016288608312606812,-0.004279403015971184,-0.021922588348388672,3.5772740308977955,0.03744983824819645,0.7931023389959607,1,91,1788688503.1185646
1788688545.766002,42.640000,gate_sweep_poor_low_r01,0.02934635430574417,0.010931681841611862,-0.001898050308227539,5.579822511612045,0.0023147999309003353,-0.008832363411784172,-0.024996833875775337,4.84043744666979,0.04068016984968034,0.7393850649422559,1,226,1788688503.1259835
1788688545.816545,42.672000,gate_sweep_poor_low_r01,0.03226510062813759,0.010823506861925125,-0.001042008399963379,6.914527174974227,0.009919840842485428,-0.01453719474375248,-0.036016691476106644,6.083326812527463,0.04863850611498224,0.8312003624467635,1,128,1788688503.144511
1788688545.853218,42.704000,gate_sweep_poor_low_r01,0.03619956970214844,0.010832305997610092,-3.218650817871094e-05,8.782519643834597,0.019924644380807877,-0.019492892548441887,-0.04945726692676544,7.441672351386854,0.06022731469571303,1.340847292447742,1,219,1788688503.1492012
1788688545.904953,42.736000,gate_sweep_poor_low_r01,0.03961983323097229,0.010953914374113083,0.0007316470146179199,10.446403653719058,0.02012764848768711,-0.013393616303801537,-0.04816226661205292,8.803792508959344,0.05799450237661068,1.6426111447597145,1,125,1788688503.1689317
1788688545.956903,42.772000,gate_sweep_poor_low_r01,0.04419831186532974,0.011117182672023773,0.0016782879829406738,12.666708801854385,0.026125164702534676,-0.011781316250562668,-0.044820863753557205,10.578220949868344,0.05489217625025987,2.0884878519860415,1,208,1788688503.1848855
1788688545.999980,42.804000,gate_sweep_poor_low_r01,0.04706108570098877,0.011103514581918716,0.0022473037242889404,14.04606800475658,0.030163399875164032,-0.010773728601634502,-0.04131561890244484,12.285443704812712,0.051593350185497724,1.7606242999438657,1,222,1788688503.1959577
1788688546.051214,42.836000,gate_sweep_poor_low_r01,0.05083940178155899,0.010928843170404434,0.0029789209365844727,15.944672629170922,0.033270034939050674,-0.017075758427381516,-0.04039489105343819,14.153783168687243,0.05453648254556925,1.7908894604836791,1,259,1788688503.2151945
1788688546.098738,42.868000,gate_sweep_poor_low_r01,0.05423416942358017,0.010787386447191238,0.003666818141937256,17.935535672835538,0.035425588488578796,-0.02159840613603592,-0.03978130593895912,16.030477688983126,0.05736150071416608,1.9050579838524093,1,278,1788688503.2307177
1788688546.145775,42.904000,gate_sweep_poor_low_r01,0.05794043093919754,0.010555174201726913,0.004419863224029541,20.654546214859483,0.03294095769524574,-0.029392845928668976,-0.030805326998233795,18.198237879613867,0.05883563546872094,2.4563083352456156,1,295,1788688503.2417538
1788688546.204006,42.936000,gate_sweep_poor_low_r01,0.06051909178495407,0.010251473635435104,0.004873514175415039,22.968849310660467,0.027219152078032494,-0.03613778576254845,-0.0004764925688505173,20.25713934201155,0.057353918298070135,2.711709968648916,1,171,1788688503.2679899
1788688546.256137,42.968000,gate_sweep_poor_low_r01,0.0622006356716156,0.0099610835313797,0.00516355037689209,24.79065518088049,0.024709317833185196,-0.04509017989039421,0.016799045726656914,22.481451350188777,0.06761379496545177,2.3092038306917084,1,279,1788688503.2881217
1788688546.304838,43.000000,gate_sweep_poor_low_r01,0.06454043090343475,0.009340636432170868,0.005575090646743774,27.93256541761172,0.023843353614211082,-0.047579456120729446,0.01709478721022606,24.724239553478995,0.07091440223981647,3.2083258641327252,1,299,1788688503.3048172
1788688546.347790,43.036000,gate_sweep_poor_low_r01,0.06605329364538193,0.008664965629577637,0.005891948938369751,30.54315199218865,0.025759899988770485,-0.05993437021970749,0.021739445626735687,27.522547078858054,0.08112071007219698,3.0206049133305974,1,297,1788688503.3117635
1788688546.398356,43.068000,gate_sweep_poor_low_r01,0.06751345843076706,0.007816504687070847,0.006208747625350952,33.23586966970167,0.026357946917414665,-0.06751375645399094,0.02461082860827446,30.089406100124474,0.08778986818539096,3.1464635695771963,1,165,1788688503.3303332
1788688546.448065,43.100000,gate_sweep_poor_low_r01,0.06931303441524506,0.006786465644836426,0.0065281689167022705,36.065272158745046,0.03021322190761566,-0.07581648230552673,0.025614168494939804,32.67423221069438,0.09336122175787258,3.3910399480506728,1,275,1788688503.3480453
1788688546.502124,43.132000,gate_sweep_poor_low_r01,0.07281387597322464,0.005769677460193634,0.007281899452209473,39.890108190985025,0.04025101289153099,-0.08229391276836395,0.024745116010308266,35.26265801052295,0.09550130841289813,4.627450180462074,1,281,1788688503.3701003
1788688546.556637,43.168000,gate_sweep_poor_low_r01,0.07567191869020462,0.005416426807641983,0.00828319787979126,42.37377661056664,0.05434079468250275,-0.08930224180221558,0.022628439590334892,38.477532799895656,0.0981449387100012,3.8962438106709754,1,273,1788688503.38862
1788688546.605296,43.200000,gate_sweep_poor_low_r01,0.08026197552680969,0.005324292927980423,0.010567039251327515,45.99028228836909,0.07321169972419739,-0.09750240296125412,0.02044142596423626,41.44331082830173,0.1035400371322422,4.546971460067347,1,257,1788688503.4052806
1788688546.658003,43.232000,gate_sweep_poor_low_r01,0.08552424609661102,0.005632515996694565,0.014173388481140137,49.76769156771266,0.09597859531641006,-0.100782111287117,0.019935475662350655,44.63567463325291,0.10708206183225048,5.132016934459751,1,244,1788688503.4259853
1788688546.714248,43.264000,gate_sweep_poor_low_r01,0.09267166256904602,0.0065685175359249115,0.021181434392929077,54.976103790043794,0.11577443033456802,-0.1013704314827919,0.02098398655653,47.99017594994604,0.11038384655075618,6.985927840097752,1,244,1788688503.4502282
1788688546.766352,43.300000,gate_sweep_poor_low_r01,0.09845682978630066,0.007748570293188095,0.029830574989318848,59.22849177904403,0.1441064029932022,-0.10392546653747559,0.025142410770058632,51.99813508237016,0.1207350525728773,7.230356696673867,1,230,1788688503.4663353
1788688546.822682,43.332000,gate_sweep_poor_low_r01,0.10265838354825974,0.008827976882457733,0.038746148347854614,62.49683720124766,0.166822150349617,-0.10866422206163406,0.032882437109947205,55.66220967488263,0.1339992122825301,6.834627526365021,1,272,1788688503.4906642
1788688546.877846,43.364000,gate_sweep_poor_low_r01,0.10907471925020218,0.010893058031797409,0.05952230095863342,67.88036907590681,0.18901050090789795,-0.11503944545984268,0.04472701624035835,59.372301283152176,0.14989204473484768,8.508067792754636,1,298,1788688503.5138242
1788688546.935997,43.396000,gate_sweep_poor_low_r01,0.11529520899057388,0.013516589999198914,0.09543168544769287,73.98559380991524,0.21522043645381927,-0.1308515965938568,0.06383943557739258,63.04012813296373,0.17839645353990694,10.945465676951512,1,314,1788688503.5399814
1788688546.985120,43.432000,gate_sweep_poor_low_r01,0.11693165451288223,0.014355398714542389,0.10996022820472717,75.93169191679497,0.24284252524375916,-0.13490018248558044,0.08178681135177612,67.1098714898269,0.19729297327772272,8.821820426968074,1,329,1788688503.5531008
1788688547.030166,43.464000,gate_sweep_poor_low_r01,0.12001486867666245,0.016189713031053543,0.15144452452659607,80.37311507218429,0.26441213488578796,-0.13848519325256348,0.09968037158250809,70.60933988519155,0.21784036506702265,9.763775186992754,1,352,1788688503.5661428
1788688547.154003,43.496000,gate_sweep_poor_low_r01,0.12150920182466507,0.017316635698080063,0.1892690360546112,83.60577674779071,0.2854081988334656,-0.12966002523899078,0.11223262548446655,73.87389170621276,0.233237279683659,9.731885041577957,1,194,1788688503.657983
1788688547.199667,43.528000,gate_sweep_poor_low_r01,0.12207924574613571,0.017843768000602722,0.21993714570999146,85.74125295275246,0.30648335814476013,-0.12275223433971405,0.1303834468126297,77.03122266750242,0.24857992181550423,8.71003028525004,1,382,1788688503.6716506
1788688547.257340,43.564000,gate_sweep_poor_low_r01,0.12218024581670761,0.01806240901350975,0.2743602693080902,88.85866486461198,0.31588926911354065,-0.11999507993459702,0.15105554461479187,80.1886793536867,0.2679311685731239,8.669985510925285,1,208,1788688503.6933231
1788688547.296468,43.596000,gate_sweep_poor_low_r01,0.12162212282419205,0.01752481237053871,0.3202846944332123,90.93541621945279,0.3252609670162201,-0.1389712542295456,0.18393763899803162,82.78759938674244,0.29077537249740965,8.147816832710339,1,365,1788688503.7004476
1788688547.349493,43.628000,gate_sweep_poor_low_r01,0.1205938383936882,0.01634576916694641,0.3678298890590668,92.64128191699461,0.3275362551212311,-0.17713236808776855,0.2342575490474701,85.11046079058467,0.31321003089422905,7.530821126409942,1,221,1788688503.7214732
1788688547.394434,43.660000,gate_sweep_poor_low_r01,0.1188255175948143,0.014027733355760574,0.42904987931251526,94.29115788234736,0.32644814252853394,-0.21652904152870178,0.2794469892978668,87.20133542882735,0.34444826248687577,7.0898224535200125,1,368,1788688503.7344155
1788688547.450234,43.696000,gate_sweep_poor_low_r01,0.11707126349210739,0.011518143117427826,0.4792926013469696,95.28164974681717,0.32590362429618835,-0.25489330291748047,0.3346768021583557,89.25979759912273,0.3681028971257605,6.02185214769444,1,216,1788688503.7542164
1788688547.495855,43.728000,gate_sweep_poor_low_r01,0.11558500677347183,0.009248446673154831,0.5176435708999634,95.85461678282346,0.3296181559562683,-0.26653411984443665,0.37459099292755127,90.94525860151674,0.3772668193847532,4.909358181306724,1,388,1788688503.767837
1788688547.549945,43.760000,gate_sweep_poor_low_r01,0.1129726693034172,0.004955258220434189,0.5828210115432739,96.46691778141857,0.31831032037734985,-0.2654065787792206,0.41790127754211426,92.3325481390207,0.37743554750102865,4.13436964239787,1,242,1788688503.7899265
1788688547.588585,43.792000,gate_sweep_poor_low_r01,0.1107209250330925,0.0010228976607322693,0.6364463567733765,96.75265987062753,0.31838566064834595,-0.27332034707069397,0.46643224358558655,93.56670020476712,0.3837885577123828,3.1859596658604135,1,374,1788688503.7965682
1788688547.633941,43.828000,gate_sweep_poor_low_r01,0.1082853153347969,-0.00325750932097435,0.6915543079376221,96.82501915978999,0.317721962928772,-0.279134064912796,0.5289044380187988,94.73363099380173,0.38265724018398045,2.0913881659882656,1,232,1788688503.805926
1788688547.689737,43.860000,gate_sweep_poor_low_r01,0.10504267364740372,-0.009025415405631065,0.7628217935562134,96.73100003005317,0.31519240140914917,-0.2850795388221741,0.5856112241744995,95.5077856848399,0.3895797389934478,1.2232143452132698,1,173,1788688503.8297195
1788688547.728687,43.892000,gate_sweep_poor_low_r01,0.10366404801607132,-0.011484252288937569,0.7922680377960205,96.62091772014047,0.3052992820739746,-0.2870386242866516,0.641379714012146,95.95904372952774,0.37330184274250156,0.6618739906127353,1,343,1788688503.8366675
1788688547.781947,43.924000,gate_sweep_poor_low_r01,0.10008340328931808,-0.01786678284406662,0.8682841062545776,96.25935667357366,0.29911482334136963,-0.2972027063369751,0.6969909071922302,96.40392956118275,0.3833841733386828,0.1445728876090901,1,223,1788688503.857925
1788688547.821304,43.960000,gate_sweep_poor_low_r01,0.09709509462118149,-0.023269853554666042,0.9320813417434692,95.84931909914486,0.29274556040763855,-0.30815640091896057,0.764980673789978,96.62469637571454,0.3838776925820371,0.775377276569679,1,360,1788688503.8612845
1788688547.866613,43.992000,gate_sweep_poor_low_r01,0.09398189932107925,-0.028883510269224644,0.999022364616394,95.39189074970966,0.2935904264450073,-0.31904664635658264,0.8326195478439331,96.7227451381821,0.3895229223992393,1.3308543884724389,1,253,1788688503.8745942
1788688547.922453,44.024000,gate_sweep_poor_low_r01,0.08989735692739487,-0.03607056220062077,1.087464690208435,94.74273381522936,0.2945452928543091,-0.3179525136947632,0.8940656781196594,96.7101773013418,0.3984236314956818,1.9674434861124368,1,192,1788688503.8984346
1788688547.963896,44.056000,gate_sweep_poor_low_r01,0.08648936450481415,-0.04191808495670557,1.162110447883606,94.19454567349099,0.28817254304885864,-0.32016825675964355,0.9669461250305176,96.56132282672237,0.39520675036074215,2.366777153231386,1,357,1788688503.9078772
1788688548.014998,44.092000,gate_sweep_poor_low_r01,0.08387965708971024,-0.046286740340292454,1.2201168537139893,93.76948249724698,0.27122795581817627,-0.32986733317375183,1.042855143547058,96.19520791386805,0.3833262990710811,2.4257254166210545,1,218,1788688503.922976
1788688548.059642,44.124000,gate_sweep_poor_low_r01,0.079445980489254,-0.0534243518486619,1.3198723793029785,93.06263101714097,0.2642599642276764,-0.3428671360015869,1.1179426908493042,95.90389338105385,0.3983828974271619,2.8412623639128753,1,359,1788688503.935623
1788688548.114038,44.156000,gate_sweep_poor_low_r01,0.0758894830942154,-0.058930665254592896,1.401946783065796,92.510458822996,0.2505004405975342,-0.3565077483654022,1.1954846382141113,95.54882161808898,0.4020792510559595,3.0383627950929726,1,221,1788688503.95802
1788688548.153744,44.188000,gate_sweep_poor_low_r01,0.07237107306718826,-0.06419921293854713,1.4855870008468628,91.9778428140659,0.24026446044445038,-0.3743015229701996,1.274045467376709,95.19626315551025,0.4112194701067578,3.2184203414443537,1,343,1788688503.9657276
1788688548.197094,44.224000,gate_sweep_poor_low_r01,0.06803616881370544,-0.07045500725507736,1.59182608127594,91.35615701393779,0.2274402230978012,-0.39280563592910767,1.3681321144104004,94.7463549236416,0.4235074629103844,3.390197909703823,1,234,1788688503.973075
1788688548.253321,44.256000,gate_sweep_poor_low_r01,0.06463883072137833,-0.07512915879487991,1.677823781967163,90.89931822613667,0.22174572944641113,-0.4046807885169983,1.4492242336273193,94.36162573522948,0.4307488917927503,3.4623075090928146,1,168,1788688503.9973075
1788688548.293679,44.288000,gate_sweep_poor_low_r01,0.06208018213510513,-0.07847066223621368,1.7426819801330566,90.58169470088052,0.21277759969234467,-0.41060858964920044,1.527262806892395,93.9555006041917,0.4235926518299222,3.3738059033111685,1,370,1788688504.0056586
1788688548.347207,44.320000,gate_sweep_poor_low_r01,0.057807356119155884,-0.08370407298207283,1.8513643741607666,90.1073895347537,0.19898946583271027,-0.4153844714164734,1.6143890619277954,93.52826742893403,0.43139491584473616,3.4208778941803395,1,222,1788688504.0271895
1788688548.388320,44.356000,gate_sweep_poor_low_r01,0.05437697470188141,-0.08754871040582657,1.9387359619140625,89.77490515559668,0.18610037863254547,-0.4165356457233429,1.7125073671340942,93.10287356025576,0.4204317255498348,3.3279684046590736,1,400,1788688504.0323005
1788688548.448583,44.388000,gate_sweep_poor_low_r01,0.050895512104034424,-0.09109298512339592,2.026371955871582,89.48508939786723,0.17240676283836365,-0.4183467924594879,1.7904752492904663,92.73169937242054,0.42131614572290726,3.2466099745533046,1,241,1788688504.0605578
1788688548.495411,44.420000,gate_sweep_poor_low_r01,0.04734215885400772,-0.09434663876891136,2.114201068878174,89.23567117788028,0.1593685895204544,-0.41092464327812195,1.866970419883728,92.4383929178492,0.4170066521161417,3.202721739968909,1,388,1788688504.0753908
1788688548.550179,44.452000,gate_sweep_poor_low_r01,0.04277648404240608,-0.09796828776597977,2.2238240242004395,89.02472954640871,0.14952385425567627,-0.4062381982803345,1.9575495719909668,92.17755120608271,0.4211026272483134,3.1528216596740037,1,223,1788688504.0981584
1788688548.588064,44.488000,gate_sweep_poor_low_r01,0.039902444928884506,-0.0999225378036499,2.2891886234283447,88.92658903788643,0.13510972261428833,-0.4001002609729767,2.054879665374756,91.94655611219616,0.3925197817123935,3.0199670743097413,1,393,1788688504.1000452
1788688548.645355,44.520000,gate_sweep_poor_low_r01,0.03598044067621231,-0.10232153534889221,2.3754513263702393,88.83444119049845,0.12102069705724716,-0.38796818256378174,2.186084508895874,91.76008593499652,0.3531085439788016,2.9256447444980678,1,227,1788688504.1253364
1788688548.691356,44.552000,gate_sweep_poor_low_r01,0.03193237632513046,-0.10449209809303284,2.4603614807128906,88.77523687326867,0.11628757417201996,-0.383850634098053,2.294517993927002,91.70280597089913,0.33565019462523366,2.927569097630461,1,377,1788688504.1393394
1788688548.747194,44.584000,gate_sweep_poor_low_r01,0.026679225265979767,-0.10689074546098709,2.564082622528076,88.74975786647276,0.10454404354095459,-0.37637031078338623,2.3783347606658936,91.59957540391193,0.336428943816843,2.849817537439166,1,202,1788688504.1631715
1788688548.791740,44.620000,gate_sweep_poor_low_r01,0.02237802743911743,-0.10859747231006622,2.644784450531006,88.7590763471352,0.0933941900730133,-0.3630920946598053,2.4826183319091797,91.50243208595023,0.31001396450651775,2.743355738815033,1,371,1788688504.1717246
1788688548.843237,44.652000,gate_sweep_poor_low_r01,0.01910289376974106,-0.10973236709833145,2.70383358001709,88.78262910328787,0.08297943323850632,-0.3511052131652832,2.568882465362549,91.43447737585771,0.28381836878445377,2.651848272569839,1,209,1788688504.1912174
1788688548.883430,44.684000,gate_sweep_poor_low_r01,0.013528045266866684,-0.111373171210289,2.7992494106292725,88.84738744857908,0.07331132888793945,-0.3337075710296631,2.6542487144470215,91.39884317169036,0.2720879053484303,2.551455723111278,1,367,1788688504.1994119
1788688548.942012,44.716000,gate_sweep_poor_low_r01,0.006622225046157837,-0.11289144307374954,2.9084291458129883,88.9618237675187,0.06937624514102936,-0.3251781165599823,2.7260286808013916,91.47247337426585,0.2868337992886554,2.5106496067471578,1,200,1788688504.2259908
1788688548.983891,44.752000,gate_sweep_poor_low_r01,0.00430247001349926,-0.1132749542593956,2.943498373031616,89.0084101120211,0.057058610022068024,-0.31435608863830566,2.801469087600708,91.50218438093984,0.2517720215427588,2.493774268918745,1,342,1788688504.2318752
1788688549.032033,44.784000,gate_sweep_poor_low_r01,-0.0014954134821891785,-0.11387983709573746,3.028245449066162,89.13854457514174,0.04771336913108826,-0.30300745368003845,2.870511293411255,91.57132939069551,0.2511390521231329,2.4327848155537777,1,185,1788688504.2480087
1788688549.091672,44.816000,gate_sweep_poor_low_r01,-0.006113170646131039,-0.11400245130062103,3.0930635929107666,89.25669660329737,0.04108995944261551,-0.29473188519477844,2.9468812942504883,91.72096029773384,0.23719301888436883,2.464263694436468,1,148,1788688504.2756538
1788688549.130008,44.848000,gate_sweep_poor_low_r01,-0.009533677250146866,-0.11386138945817947,3.139889717102051,89.35163525888049,0.04272977262735367,-0.2718343734741211,3.038339138031006,91.8805098001957,0.1949344812537369,2.5288745413152123,1,315,1788688504.2819881
1788688549.183671,44.884000,gate_sweep_poor_low_r01,-0.015108225168660283,-0.1132570207118988,3.2146735191345215,89.52014941772586,0.020895980298519135,-0.26454055309295654,3.092956304550171,91.87293131862346,0.19747934146939589,2.3527819008976074,1,165,1788688504.2996488
1788688549.226639,44.916000,gate_sweep_poor_low_r01,-0.019442186458036304,-0.11246693879365921,3.2715439796447754,89.66275503941031,0.006932181306183338,-0.2638224959373474,3.131965160369873,91.97274622246937,0.20757253850982893,2.30999118305905,1,340,1788688504.3106163
1788688549.269843,44.948000,gate_sweep_poor_low_r01,-0.023617195431143045,-0.11146032810211182,3.32585072517395,89.81005220662396,-0.003209979273378849,-0.2549114525318146,3.1865079402923584,92.10222498144293,0.201025101094399,2.2921727748189697,1,202,1788688504.3218167
1788688549.318658,44.980000,gate_sweep_poor_low_r01,-0.02858912944793701,-0.10991689562797546,3.3903229236602783,89.99977882919394,-0.007502616383135319,-0.24532127380371094,3.2431790828704834,92.30291740351602,0.2010728637702317,2.3031385743220847,1,352,1788688504.3386273
1788688549.372178,45.016000,gate_sweep_poor_low_r01,-0.032292104326188564,-0.1083703264594078,3.439223289489746,90.15278257899773,-0.01972534880042076,-0.23623844981193542,3.306668996810913,92.44015593512111,0.18460449837890558,2.2873733561233918,1,197,1788688504.3561583
1788688549.412576,45.048000,gate_sweep_poor_low_r01,-0.03487456031143665,-0.10700252652168274,3.474414110183716,90.26828155504163,-0.021213216707110405,-0.23057244718074799,3.347872495651245,92.63732895326469,0.17739486410053576,2.3690473982230564,1,373,1788688504.3645554
1788688549.468976,45.080000,gate_sweep_poor_low_r01,-0.03817691095173359,-0.10498166084289551,3.5196704864501953,90.42298931319607,-0.02845323085784912,-0.2240915447473526,3.3846495151519775,92.80349906775538,0.18031188837294007,2.380509754559316,1,213,1788688504.3889546
1788688549.509634,45.112000,gate_sweep_poor_low_r01,-0.04203696735203266,-0.10201303660869598,3.573503017425537,90.61539038358565,-0.04155096411705017,-0.21352539956569672,3.427736282348633,92.8334881552511,0.1835297914410047,2.2180977716654606,1,371,1788688504.3976114
1788688549.559435,45.148000,gate_sweep_poor_low_r01,-0.04495907947421074,-0.09931620955467224,3.6143810749053955,90.76718300731028,-0.05038919299840927,-0.20547564327716827,3.4586052894592285,92.99052054026697,0.18858792865010465,2.223337532956684,1,209,1788688504.411415
1788688549.615594,45.180000,gate_sweep_poor_low_r01,-0.04843419976532459,-0.09562620520591736,3.6630029678344727,90.95315574370522,-0.05944794416427612,-0.19624552130699158,3.5011887550354004,93.13213196043517,0.19086484433262393,2.1789762167299562,1,157,1788688504.4355786
1788688549.660423,45.212000,gate_sweep_poor_low_r01,-0.04975944012403488,-0.09403758868575096,3.6816515922546387,91.02610433369718,-0.07120795547962189,-0.1769714653491974,3.5478413105010986,93.23860605711103,0.15888127080417114,2.212501723413861,1,372,1788688504.4484062
1788688549.710894,45.244000,gate_sweep_poor_low_r01,-0.05294568091630936,-0.08991867676377296,3.7266154289245605,91.20458528422401,-0.08183924853801727,-0.163114994764328,3.599248170852661,93.3703328028933,0.1497162571249442,2.165747518669293,1,202,1788688504.4668753
1788688549.753714,45.280000,gate_sweep_poor_low_r01,-0.055380355566740036,-0.0864194706082344,3.7608189582824707,91.34213729422225,-0.09866008907556534,-0.14603552222251892,3.664846897125244,93.48048676780076,0.12098696403099966,2.1383494735785034,1,360,1788688504.473684
1788688549.814208,45.312000,gate_sweep_poor_low_r01,-0.05775101110339165,-0.08281593024730682,3.7935619354248047,91.47308318576975,-0.10627075284719467,-0.1267312616109848,3.7396185398101807,93.67067806671653,0.08480926599200596,2.197594880946785,1,230,1788688504.502189
1788688549.853832,45.344000,gate_sweep_poor_low_r01,-0.06057991832494736,-0.07826056703925133,3.8326773643493652,91.62858513521131,-0.11087613552808762,-0.11579609662294388,3.8070061206817627,93.82392418220246,0.06780588615684588,2.195339046991151,1,354,1788688504.5098145
1788688549.910693,45.376000,gate_sweep_poor_low_r01,-0.063192218542099,-0.07364600896835327,3.869804859161377,91.7747283451448,-0.11862839758396149,-0.10880012065172195,3.8462305068969727,93.9192782642516,0.06974762791446328,2.144549919106811,1,202,1788688504.534677
1788688549.951851,45.412000,gate_sweep_poor_low_r01,-0.06414808705449104,-0.07175010815262794,3.884064197540283,91.83009433728469,-0.12710176408290863,-0.09430396556854248,3.887600898742676,94.03205354900398,0.06696529094337395,2.2019592117192723,1,361,1788688504.5398304
1788688550.005351,45.444000,gate_sweep_poor_low_r01,-0.06635090708732605,-0.06700875796377659,3.918522357940674,91.95906022276658,-0.13108889758586884,-0.0836355909705162,3.9094913005828857,94.1751750807626,0.06744641566920424,2.2161148579960157,1,213,1788688504.5613377
1788688550.059597,45.476000,gate_sweep_poor_low_r01,-0.06787531077861786,-0.0632049459964037,3.9447803497314453,92.0526311990131,-0.13557925820350647,-0.07288144528865814,3.9390530586242676,94.27362344096478,0.06863134122900003,2.2209922419516834,1,365,1788688504.5835814
1788688550.110780,45.508000,gate_sweep_poor_low_r01,-0.06951035931706429,-0.05840843915939331,3.976128101348877,92.1572370458453,-0.14131024479866028,-0.06433244794607162,3.965315818786621,94.34493170250339,0.07285068901171082,2.1876946566580777,1,224,1788688504.6027665
1788688550.156036,45.544000,gate_sweep_poor_low_r01,-0.07059860229492188,-0.05452590622007847,4.000035762786865,92.23151698638455,-0.14533571898937225,-0.05592314526438713,3.9953153133392334,94.44106845594014,0.07489907564005367,2.209551469555588,1,371,1788688504.6120174
1788688550.211074,45.576000,gate_sweep_poor_low_r01,-0.07152606174349785,-0.050643762573599815,4.023010015487671,92.29775386187409,-0.15225175023078918,-0.04244733974337578,4.029055118560791,94.5072656889211,0.081365603298468,2.2095118270470153,1,186,1788688504.6350555
1788688550.253850,45.608000,gate_sweep_poor_low_r01,-0.072128064930439,-0.04777768347412348,4.0397937297821045,92.34201275898361,-0.1610904335975647,-0.03176664188504219,4.051629543304443,94.5393333702914,0.0911632764514772,2.197320611307792,1,368,1788688504.6458325
1788688550.310851,45.640000,gate_sweep_poor_low_r01,-0.07296383008360863,-0.04307002993300557,4.066736459732056,92.40636470695443,-0.16447488963603973,-0.019291572272777557,4.0866875648498535,94.6192954544161,0.09663195985039974,2.21293074746167,1,188,1788688504.670787
1788688550.347284,45.676000,gate_sweep_poor_low_r01,-0.07343943789601326,-0.039398459368385375,4.08741307258606,92.44805541451078,-0.16994820535182953,-0.0095622967928648,4.121150493621826,94.64819328992178,0.10650048061496391,2.2001378754110084,1,359,1788688504.6712654
1788688550.400927,45.708000,gate_sweep_poor_low_r01,-0.07371076568961143,-0.03588287835009396,4.107369661331177,92.48245483010463,-0.1740557998418808,-0.002478587906807661,4.149994373321533,94.66631493540913,0.11402560489337633,2.1838601053045017,1,178,1788688504.6928992
1788688550.437921,45.740000,gate_sweep_poor_low_r01,-0.0738249346613884,-0.032509639859199524,4.12665581703186,92.5106031509393,-0.17789186537265778,0.007773492019623518,4.17651891708374,94.6905165790239,0.1222251427833675,2.1799134280845984,1,353,1788688504.6979043
1788688550.486841,45.772000,gate_sweep_poor_low_r01,-0.073754221200943,-0.0285400478169322,4.149917840957642,92.53508208706519,-0.18187737464904785,0.015448421239852905,4.20250129699707,94.7074911168161,0.1280258628972002,2.1724090297509098,1,193,1788688504.7148228
1788688550.539796,45.808000,gate_sweep_poor_low_r01,-0.07356326654553413,-0.026288215070962906,4.163378477096558,92.54488767708507,-0.18645770847797394,0.021341223269701004,4.229875564575195,94.70552253267545,0.13941155281764034,2.1606348555903727,1,156,1788688504.7317693
1788688550.576512,45.840000,gate_sweep_poor_low_r01,-0.07314939424395561,-0.02339742612093687,4.180837392807007,92.55224973356958,-0.18552911281585693,0.024306928738951683,4.2460455894470215,94.74639515726305,0.13840887084266215,2.194145423693464,1,339,1788688504.7364926
1788688550.629873,45.872000,gate_sweep_poor_low_r01,-0.07260798290371895,-0.02063322812318802,4.197779417037964,92.55604508378514,-0.18672513961791992,0.03155921399593353,4.263706684112549,94.77679273025588,0.1417504180410591,2.2207476464707447,1,165,1788688504.7578375
1788688550.670706,45.904000,gate_sweep_poor_low_r01,-0.07174008712172508,-0.017375953495502472,4.218162298202515,92.55430211714052,-0.18682847917079926,0.04099731147289276,4.280720233917236,94.82288476239985,0.14340945355310133,2.2685826452593334,1,338,1788688504.7666888
1788688550.719002,45.940000,gate_sweep_poor_low_r01,-0.07086343690752983,-0.014924300834536552,4.233867883682251,92.54907611223948,-0.1859307885169983,0.053289078176021576,4.307278156280518,94.87665655911476,0.15258646272001625,2.3275804468752925,1,216,1788688504.778976
1788688550.767594,45.972000,gate_sweep_poor_low_r01,-0.07004794105887413,-0.013198960572481155,4.245313405990601,92.54214551510495,-0.18924862146377563,0.06286508589982986,4.33403205871582,94.85334044157506,0.1669297478465462,2.311194926470119,1,163,1788688504.7955744
1788688550.824581,46.004000,gate_sweep_poor_low_r01,-0.06839781627058983,-0.010527750477194786,4.2638304233551025,92.52783377991469,-0.19275470077991486,0.06687693297863007,4.353428840637207,94.80500198403047,0.17170904497206946,2.2771682041157693,1,136,1788688504.8205597
1788688550.862998,46.036000,gate_sweep_poor_low_r01,-0.066831573843956,-0.008550534024834633,4.278179883956909,92.51286599276165,-0.1929471343755722,0.070999875664711,4.352975368499756,94.81995979429044,0.1668165663175499,2.307093801528789,1,309,1788688504.8269799
1788688550.919007,46.072000,gate_sweep_poor_low_r01,-0.06463649868965149,-0.006293877959251404,4.295617341995239,92.4916327155897,-0.19112473726272583,0.06940067559480667,4.347125053405762,94.78312492642372,0.15614731592255054,2.2914922108340146,1,159,1788688504.8469923
1788688550.957103,46.104000,gate_sweep_poor_low_r01,-0.0627395324409008,-0.0047483891248703,4.309183835983276,92.47270932505198,-0.19147871434688568,0.07652772217988968,4.363430500030518,94.76902168736449,0.16162389608872893,2.296312362312499,1,289,1788688504.8530853
1788688551.003621,46.136000,gate_sweep_poor_low_r01,-0.06075197458267212,-0.0033693984150886536,4.322466135025024,92.45361828536214,-0.1865854263305664,0.07986348867416382,4.383668899536133,94.80732845152205,0.1628113922789314,2.3537101661599062,1,157,1788688504.8676066
1788688551.057746,46.168000,gate_sweep_poor_low_r01,-0.059188928455114365,-0.0024963244795799255,4.332224607467651,92.43939416821901,-0.1879037767648697,0.08151058852672577,4.404110431671143,94.76779310951935,0.1696827785300193,2.328398941300332,1,130,1788688504.8897257
1788688551.100718,46.204000,gate_sweep_poor_low_r01,-0.05643855035305023,-0.0012901872396469116,4.348111391067505,92.41521608345415,-0.17732033133506775,0.06911531090736389,4.392155170440674,94.80895844314699,0.14666012970192538,2.3937423596928387,1,260,1788688504.8967023
1788688551.150302,46.236000,gate_sweep_poor_low_r01,-0.05413109436631203,-0.000536646693944931,4.360460519790649,92.39613994398952,-0.16215316951274872,0.05635050684213638,4.3770432472229,94.88503965237987,0.12320675227223722,2.4888997083903472,1,156,1788688504.9142869
1788688551.196742,46.268000,gate_sweep_poor_low_r01,-0.051783353090286255,6.580725312232971e-05,4.372543096542358,92.37926720318474,-0.15040244162082672,0.04365726560354233,4.367463111877441,94.92061521265563,0.10794325411023503,2.541348009470897,1,124,1788688504.9287233
1788688551.255696,46.300000,gate_sweep_poor_low_r01,-0.04875829815864563,0.000662732869386673,4.387362241744995,92.36134287246904,-0.1590864360332489,0.02788432314991951,4.356508255004883,94.76667701375223,0.1177509298563612,2.4053341412831912,1,108,1788688504.9556808
1788688551.299395,46.336000,gate_sweep_poor_low_r01,-0.04626678489148617,0.0010329559445381165,4.398982763290405,92.34891908310996,-0.1713331937789917,0.030494632199406624,4.3253607749938965,94.70941160521171,0.14808711679445544,2.3604925221017448,1,217,1788688504.9633687
1788688551.348470,46.368000,gate_sweep_poor_low_r01,-0.0443579126149416,0.001214452087879181,4.407564401626587,92.34135149088905,-0.16457144916057587,0.03471960499882698,4.308687210083008,94.75858618582969,0.15921868184336965,2.4172346949406323,1,166,1788688504.9804413
1788688551.391829,46.400000,gate_sweep_poor_low_r01,-0.0418119840323925,0.0013779997825622559,4.418939828872681,92.33390360546342,-0.16459788382053375,0.04095383360981941,4.299264430999756,94.74664607894988,0.17596824902791125,2.412742473486458,1,122,1788688504.9918041
1788688551.440358,46.432000,gate_sweep_poor_low_r01,-0.03862513601779938,0.0013746842741966248,4.432941675186157,92.32687736420519,-0.16459788382053375,0.04095383360981941,4.299264430999756,94.74664629466052,0.18789690754340166,2.419768930455332,1,105,1788688505.008339
1788688551.499027,46.468000,gate_sweep_poor_low_r01,-0.036160750314593315,0.0012406744062900543,4.443842649459839,92.3242789216959,-0.16975879669189453,0.03992200642824173,4.3037896156311035,94.58184522175385,0.1973817005891298,2.257566300057949,1,91,1788688505.0310037
1788688551.545574,46.500000,gate_sweep_poor_low_r01,-0.03379379212856293,0.001037895679473877,4.454480409622192,92.32466826590641,-0.17157547175884247,0.046591758728027344,4.276728630065918,94.62460109125333,0.22946599054284653,2.2999328253469122,1,187,1788688505.0455549
1788688551.595670,46.532000,gate_sweep_poor_low_r01,-0.032092101871967316,0.0008189491927623749,4.462294816970825,92.32725654622321,-0.1624782681465149,0.04879147186875343,4.271726608276367,94.7195074463368,0.2358350216839877,2.392250900113585,1,123,1788688505.0636494
1788688551.644998,46.564000,gate_sweep_poor_low_r01,-0.029427764005959034,0.00031130388379096985,4.475007772445679,92.33408799496387,-0.1624782681465149,0.04879147186875343,4.271726608276367,94.71950854621731,0.24774179107679195,2.385420551253443,1,104,1788688505.0809758
1788688551.689369,46.600000,gate_sweep_poor_low_r01,-0.027497020550072193,-0.00020078569650650024,4.484925985336304,92.34275833469464,-0.1624782681465149,0.04879147186875343,4.271726608276367,94.71948964471778,0.2570489309115639,2.3767313100231475,1,98,1788688505.0893495
1788688551.739692,46.632000,gate_sweep_poor_low_r01,-0.025714685209095478,-0.0007779598236083984,4.494625806808472,92.35404779609777,-0.1624782681465149,0.04879147186875343,4.271726608276367,94.71949453887814,0.2661681026765579,2.3654467427803545,1,85,1788688505.107669
1788688551.790425,46.664000,gate_sweep_poor_low_r01,-0.023593490477651358,-0.0015513412654399872,4.506468057632446,92.37118607603044,-0.16215141117572784,0.064463309943676,4.26101541519165,94.68178418253675,0.2894878775417114,2.3105981065063,1,78,1788688505.1264052
1788688551.833586,46.696000,gate_sweep_poor_low_r01,-0.022056108806282282,-0.002199452370405197,4.515708684921265,92.3878137092731,-0.227460116147995,0.08333166688680649,4.179884433746338,94.42924408368924,0.40284526343327665,2.041430374416137,1,210,1788688505.1375687
1788688551.885340,46.732000,gate_sweep_poor_low_r01,-0.02103356528095901,-0.0026601552963256836,4.522493124008179,92.40169072502991,-0.227460116147995,0.08333166688680649,4.179884433746338,94.4292300929971,0.40912984372711114,2.02753936796719,1,112,1788688505.1533194
1788688551.930743,46.764000,gate_sweep_poor_low_r01,-0.019546790630556643,-0.003368046134710312,4.533529996871948,92.42772402360926,-0.227460116147995,0.08333166688680649,4.179884433746338,94.42923353520305,0.41929700152059723,2.0015095115938006,1,87,1788688505.1667233
1788688551.992432,46.796000,gate_sweep_poor_low_r01,-0.018524439015891403,-0.0038696862757205963,4.54212498664856,92.45098541794104,-0.23253503441810608,0.07897862792015076,4.169497489929199,94.3826749954568,0.43762498719890885,1.9316895775157492,1,82,1788688505.1964104
1788688552.033546,46.828000,gate_sweep_poor_low_r01,-0.01759124813543167,-0.0042625367641448975,4.55057168006897,92.47568163273726,-0.28814148902893066,0.07953022420406342,4.101225852966309,94.28652864874306,0.5311594223703278,1.8108470160057901,1,218,1788688505.2055295
1788688552.081286,46.864000,gate_sweep_poor_low_r01,-0.01656555838417262,-0.004588272422552109,4.560904264450073,92.50941344333009,-0.28814148902893066,0.07953022420406342,4.101225852966309,94.28652543974316,0.5404938941047582,1.7771119964130686,1,121,1788688505.2172682
1788688552.126104,46.896000,gate_sweep_poor_low_r01,-0.015831475029699504,-0.00473036989569664,4.568969964981079,92.53716542726609,-0.28814148902893066,0.07953022420406342,4.101225852966309,94.28652171955775,0.547756465746222,1.7493562922916686,1,102,1788688505.230085
1788688552.171830,46.928000,gate_sweep_poor_low_r01,-0.015322096645832062,-0.004772976040840149,4.574897050857544,92.558310693611,-0.28814148902893066,0.07953022420406342,4.101225852966309,94.28653311622678,0.5530839485498863,1.72822242261577,1,95,1788688505.243806
1788688552.220655,46.960000,gate_sweep_poor_low_r01,-0.014550167368724942,-0.0047208331525325775,4.584486722946167,92.59524248570698,-0.28814148902893066,0.07953022420406342,4.101225852966309,94.28651765403848,0.561686318515212,1.6912751683315053,1,88,1788688505.2606373
1788688552.277156,46.996000,gate_sweep_poor_low_r01,-0.014031437924131751,-0.004566889256238937,4.59187388420105,92.62521671754696,-0.2990744113922119,0.06667806208133698,4.091070652008057,94.21243497880515,0.5806282952023327,1.5872182612581733,1,80,1788688505.2811267
1788688552.319310,47.028000,gate_sweep_poor_low_r01,-0.01360142370685935,-0.004298999905586243,4.599026918411255,92.65638093870294,-0.4533878564834595,0.10077530145645142,3.981342077255249,93.94221465795042,0.7654980589492095,1.2858337192474756,1,208,1788688505.2912912
1788688552.363072,47.060000,gate_sweep_poor_low_r01,-0.01323675736784935,-0.0039486512541770935,4.60595965385437,92.68703835474732,-0.45123428106307983,0.12279726564884186,3.9476306438446045,94.05043266735578,0.8008142379073808,1.3633943126084653,1,113,1788688505.3030508
1788688552.417269,47.092000,gate_sweep_poor_low_r01,-0.012876925989985466,-0.0034157149493694305,4.61435866355896,92.72443007873581,-0.4446915090084076,0.14150291681289673,3.9209845066070557,94.00249130228164,0.8295980746530124,1.2780612235458342,1,76,1788688505.3252492
1788688552.459350,47.128000,gate_sweep_poor_low_r01,-0.012679415754973888,-0.0030306316912174225,4.619252920150757,92.7464426531744,-0.48621466755867004,0.1235518828034401,3.909790277481079,93.92591286093806,0.8623201314015712,1.1794702077636599,1,206,1788688505.3313305
1788688552.504744,47.160000,gate_sweep_poor_low_r01,-0.012440618127584457,-0.0024797655642032623,4.625657796859741,92.77565102219609,-0.48621466755867004,0.1235518828034401,3.909790277481079,93.92591792340626,0.867647469659166,1.1502669012101823,1,102,1788688505.3447192
1788688552.550548,47.192000,gate_sweep_poor_low_r01,-0.01219624886289239,-0.0019189082086086273,4.6319420337677,92.80415607819272,-0.48621466755867004,0.1235518828034401,3.909790277481079,93.92590274906853,0.8728914822404249,1.1217466708758135,1,84,1788688505.358526
1788688552.596420,47.224000,gate_sweep_poor_low_r01,-0.011861918959766626,-0.0012051276862621307,4.6396400928497314,92.83893370912826,-0.48621466755867004,0.1235518828034401,3.909790277481079,93.9258956131244,0.8793495293473,1.0869619039961333,1,78,1788688505.3723981
1788688552.654207,47.260000,gate_sweep_poor_low_r01,-0.01154390862211585,-0.0005811192095279694,4.645708322525024,92.86494467788258,-0.5030815601348877,0.09409724175930023,3.8797104358673096,93.84178516984728,0.9150551990205401,0.9768404919647007,1,73,1788688505.3941846
1788688552.702007,47.292000,gate_sweep_poor_low_r01,-0.011267189867794514,-8.585676550865173e-05,4.65019965171814,92.88347911350736,-0.6850286722183228,0.11357434093952179,3.808445930480957,93.61702494789041,1.0841690379540325,0.7335458343830537,1,184,1788688505.4099898
1788688552.749274,47.324000,gate_sweep_poor_low_r01,-0.010749924462288618,0.0007462427020072937,4.657567262649536,92.91292972105634,-0.6850286722183228,0.11357434093952179,3.808445930480957,93.61702516199524,1.0901325819234475,0.7040954409388991,1,86,1788688505.425256
1788688552.804330,47.356000,gate_sweep_poor_low_r01,-0.01027933694422245,0.0014234185218811035,4.663390398025513,92.93512379175426,-0.6791275143623352,0.10379130393266678,3.8097949028015137,93.55025919482676,1.0892485197904613,0.6151354030724957,1,64,1788688505.4483075
1788688552.849086,47.392000,gate_sweep_poor_low_r01,-0.009769264608621597,0.002073615789413452,4.669143915176392,92.95465136246673,-0.7988604307174683,0.09677862375974655,3.770233392715454,93.58164475882144,1.1998641732949091,0.6269933963546986,1,167,1788688505.4570665
1788688552.896824,47.424000,gate_sweep_poor_low_r01,-0.00910755805671215,0.002863854169845581,4.676218271255493,92.97826813128667,-0.7988604307174683,0.09677862375974655,3.770233392715454,93.58164098840658,1.2055447664712622,0.6033728571199086,1,107,1788688505.472804
1788688552.945625,47.456000,gate_sweep_poor_low_r01,-0.008602616377174854,0.003463882952928543,4.681799650192261,92.99627998737834,-0.7988604307174683,0.09677862375974655,3.770233392715454,93.58164582582201,1.2100281384116707,0.5853658384436726,1,67,1788688505.4896085
1788688552.989104,47.488000,gate_sweep_poor_low_r01,-0.008265468291938305,0.003880247473716736,4.6859352588653564,93.00829129578061,-0.7988604307174683,0.09677862375974655,3.770233392715454,93.58166157201312,1.213334418286904,0.5733702762325174,1,66,1788688505.5010846
1788688553.038616,47.524000,gate_sweep_poor_low_r01,-0.007767624221742153,0.0045558735728263855,4.692718267440796,93.02586063561621,-0.7988604307174683,0.09677862375974655,3.770233392715454,93.58166591310673,1.2187334442930304,0.5558052774905144,1,62,1788688505.5145962
1788688553.083270,47.556000,gate_sweep_poor_low_r01,-0.007384900003671646,0.005075935274362564,4.697986364364624,93.03921305631442,-0.7988604307174683,0.09677862375974655,3.770233392715454,93.58164987422374,1.2229343707648415,0.5424368179093231,1,60,1788688505.5272527
1788688553.129123,47.588000,gate_sweep_poor_low_r01,-0.007017971016466618,0.0055815428495407104,4.702623605728149,93.0511034511015,-0.7968819737434387,0.09605557471513748,3.7711751461029053,93.65241080064943,1.224608887026438,0.6013073495479502,1,55,1788688505.5411034
1788688553.187213,47.620000,gate_sweep_poor_low_r01,-0.006585173308849335,0.006237350404262543,4.705551862716675,93.05993625894902,-0.7971935272216797,0.10273021459579468,3.7671828269958496,93.55802185007765,1.2308163507673564,0.4980855911286362,1,54,1788688505.5671651
1788688553.232436,47.656000,gate_sweep_poor_low_r01,-0.006273549981415272,0.00679609552025795,4.705150365829468,93.06041087996849,-0.7843242883682251,0.12747226655483246,3.749525547027588,93.80340442200178,1.2382021176164866,0.7429935420332915,1,163,1788688505.5764089
1788688553.290156,47.688000,gate_sweep_poor_low_r01,-0.006035610102117062,0.007214508950710297,4.703371286392212,93.0559146662921,-0.789484441280365,0.13634784519672394,3.743431568145752,93.70958820295058,1.2457735557763625,0.653673536658482,1,52,1788688505.6021352
1788688553.326617,47.720000,gate_sweep_poor_low_r01,-0.005725322291254997,0.007754579186439514,4.699431657791138,93.04354840330184,-0.7805888652801514,0.11288197338581085,3.74318265914917,93.78148497305644,1.235264112110532,0.7379365697546029,1,170,1788688505.6065993
1788688553.371662,47.752000,gate_sweep_poor_low_r01,-0.00534410122781992,0.008375633507966995,4.69214653968811,93.01651690149808,-0.7805888652801514,0.11288197338581085,3.74318265914917,93.78147775823439,1.2298205014687074,0.7649608567363053,1,126,1788688505.6196382
1788688553.421373,47.788000,gate_sweep_poor_low_r01,-0.005074427463114262,0.008801713585853577,4.68482232093811,92.98650856484836,-0.7805888652801514,0.11288197338581085,3.74318265914917,93.78147629374394,1.2243122952893561,0.7949677288955769,1,117,1788688505.6333473
1788688553.467048,47.820000,gate_sweep_poor_low_r01,-0.0048012640327215195,0.009198404848575592,4.676556348800659,92.94868335010776,-0.7805888652801514,0.11288197338581085,3.74318265914917,93.78147053956582,1.2181063702187471,0.8327871894580615,1,110,1788688505.6470227
1788688553.516494,47.852000,gate_sweep_poor_low_r01,-0.0045585064217448235,0.009473409503698349,4.669918775558472,92.91637960087066,-0.7805888652801514,0.11288197338581085,3.74318265914917,93.78147389717982,1.2131596261050988,0.8650942963091632,1,105,1788688505.6644738
1788688553.563100,47.884000,gate_sweep_poor_low_r01,-0.004075229167938232,0.009940668940544128,4.658384561538696,92.855340746504,-0.7805888652801514,0.11288197338581085,3.74318265914917,93.78147160646229,1.2046430431320774,0.9261308599582816,1,91,1788688505.6790748
1788688553.607399,47.920000,gate_sweep_poor_low_r01,-0.0036259647458791733,0.010345414280891418,4.648949384689331,92.79919195820642,-0.7724047899246216,0.1379154771566391,3.727731943130493,93.65585027271761,1.2066219696398455,0.8566583145111994,1,80,1788688505.6873734
1788688553.655038,47.952000,gate_sweep_poor_low_r01,-0.0031475387513637543,0.010750684887170792,4.639537572860718,92.73884044268134,-0.7724047899246216,0.1379154771566391,3.727731943130493,93.65585893801101,1.1997154284593097,0.9170184953296718,1,79,1788688505.7030232
1788688553.709596,47.984000,gate_sweep_poor_low_r01,-0.0025216182693839073,0.011252708733081818,4.628040552139282,92.65842990698046,-0.7842685580253601,0.14469046890735626,3.7216405868530273,93.40892623539295,1.2043648993262321,0.7504963284124927,1,60,1788688505.7255747
1788688553.747779,48.016000,gate_sweep_poor_low_r01,-0.001982802525162697,0.011664561927318573,4.61913275718689,92.59325999899536,-0.7394915819168091,0.1291501671075821,3.68424129486084,93.45077472181671,1.19655510254834,0.8575147228213448,1,198,1788688505.731759
1788688553.794129,48.052000,gate_sweep_poor_low_r01,-0.001573646441102028,0.011996850371360779,4.6126792430877686,92.54280484391084,-0.7241982221603394,0.11964517831802368,3.620669364929199,93.41878988701441,1.2320138141706445,0.8759850431035622,1,98,1788688505.7421136
1788688553.842387,48.084000,gate_sweep_poor_low_r01,-0.000896083191037178,0.012587394565343857,4.602399110794067,92.45732869188362,-0.7241982221603394,0.11964517831802368,3.620669364929199,93.4187899442173,1.224099933508495,0.9614612523336742,1,82,1788688505.7583687
1788688553.896842,48.116000,gate_sweep_poor_low_r01,-0.00029903091490268707,0.013123996555805206,4.5946290493011475,92.3896510836749,-0.7449584007263184,0.13886737823486328,3.5942158699035645,93.11060452625054,1.253457420336407,0.72095344257563,1,75,1788688505.7808254
1788688553.933955,48.148000,gate_sweep_poor_low_r01,0.0003848802298307419,0.013675093650817871,4.58723521232605,92.32513067351269,-0.7423359155654907,0.14093266427516937,3.557542085647583,93.11559838809403,1.2759688886947536,0.7904677145813305,1,194,1788688505.7859309
1788688553.975729,48.184000,gate_sweep_poor_low_r01,0.0013472698628902435,0.014311227947473526,4.578572988510132,92.24774263489007,-0.7394561767578125,0.14425554871559143,3.519258737564087,93.10806122281588,1.2991620204125351,0.8603185879257953,1,93,1788688505.7917094
1788688554.023851,48.216000,gate_sweep_poor_low_r01,0.0022026877850294113,0.01480480283498764,4.572088003158569,92.18766750781988,-0.7394561767578125,0.14425554871559143,3.519258737564087,93.10805988783817,1.2943202190556398,0.920392380018288,1,78,1788688505.8078299
1788688554.079205,48.248000,gate_sweep_poor_low_r01,0.0028535034507513046,0.015138447284698486,4.567519426345825,92.14488793374838,-0.7581184506416321,0.15121188759803772,3.523803472518921,92.81822882684891,1.298821499801529,0.6733408931005278,1,76,1788688505.831182
1788688554.120932,48.280000,gate_sweep_poor_low_r01,0.003968816250562668,0.015580687671899796,4.560415029525757,92.0789409291046,-0.768583357334137,0.1393049657344818,3.4685983657836914,92.81533607436896,1.3432081689438184,0.736395145264354,1,198,1788688505.8409102
1788688554.165194,48.316000,gate_sweep_poor_low_r01,0.004932442680001259,0.015760932117700577,4.5551369190216064,92.03073880969681,-0.7591403722763062,0.1414014846086502,3.4340152740478516,92.85471722306407,1.3625368097097945,0.8239784133672563,1,116,1788688505.8491688
1788688554.212718,48.348000,gate_sweep_poor_low_r01,0.005966508761048317,0.01583414152264595,4.5501930713653564,91.98637103607558,-0.7591403722763062,0.1414014846086502,3.4340152740478516,92.85473801297918,1.3590469352766827,0.8683669769035908,1,96,1788688505.8646963
1788688554.258559,48.380000,gate_sweep_poor_low_r01,0.007039474323391914,0.015785962343215942,4.545577764511108,91.94638047385013,-0.7591403722763062,0.1414014846086502,3.4340152740478516,92.85473423642514,1.3558694579399717,0.908353762575028,1,83,1788688505.878538
1788688554.315706,48.412000,gate_sweep_poor_low_r01,0.008435958996415138,0.015605427324771881,4.540344476699829,91.9043925762433,-0.7687094807624817,0.15031340718269348,3.4288487434387207,92.63882792216668,1.3629101362280274,0.734435345923384,1,79,1788688505.9036758
1788688554.355799,48.448000,gate_sweep_poor_low_r01,0.009312424808740616,0.015435878187417984,4.537440061569214,91.88261436324059,-0.8330339789390564,0.13839270174503326,3.3796606063842773,92.48355041144902,1.437052229814405,0.6009360482084175,1,207,1788688505.9077804
1788688554.402910,48.480000,gate_sweep_poor_low_r01,0.010496053844690323,0.015150949358940125,4.533873796463013,91.857546886318,-0.8330339789390564,0.13839270174503326,3.3796606063842773,92.48354778855378,1.4349005310094058,0.6260009022357801,1,113,1788688505.9228852
1788688554.452519,48.512000,gate_sweep_poor_low_r01,0.011676078662276268,0.014815539121627808,4.531055688858032,91.83751076618297,-0.8330339789390564,0.13839270174503326,3.3796606063842773,92.48353669941889,1.4333586545172996,0.6460259332359172,1,96,1788688505.9404943
1788688554.499452,48.544000,gate_sweep_poor_low_r01,0.013145443052053452,0.014383990317583084,4.529128789901733,91.8219754615544,-0.8246578574180603,0.1453038603067398,3.371788501739502,92.43150574248024,1.4347442020234933,0.6095302809258502,1,88,1788688505.9554315
1788688554.557455,48.580000,gate_sweep_poor_low_r01,0.014492250978946686,0.014126770198345184,4.528882741928101,91.82295150878866,-0.8299089074134827,0.14000758528709412,3.3669638633728027,92.22617558678955,1.4418442274549235,0.4032240780008905,1,84,1788688505.977441
1788688554.595804,48.612000,gate_sweep_poor_low_r01,0.014992117881774902,0.014107875525951385,4.529235601425171,91.82981185735585,-0.9436643719673157,0.12654122710227966,3.318342685699463,91.89128599067557,1.5485235475869175,0.061474133319728105,1,265,1788688505.9837856
1788688554.646840,48.644000,gate_sweep_poor_low_r01,0.015965890139341354,0.014476139098405838,4.530938386917114,91.87686646786686,-0.9467702507972717,0.14147253334522247,3.30810284614563,91.78599378039368,1.5615107175396215,0.09087268747317408,1,137,1788688506.0028217
1788688554.694032,48.676000,gate_sweep_poor_low_r01,0.016414523124694824,0.015281442552804947,4.533056974411011,91.9566145689273,-0.9411094784736633,0.15760403871536255,3.3193552494049072,91.64914743946818,1.552475382187484,0.30746712945911264,1,321,1788688506.0180132
1788688554.743977,48.712000,gate_sweep_poor_low_r01,0.016450371593236923,0.01663050800561905,4.535700559616089,92.08776328812029,-0.9421343803405762,0.15463367104530334,3.334476947784424,91.67251141177279,1.5430060807627681,0.4152518763474929,1,210,1788688506.031962
1788688554.797296,48.744000,gate_sweep_poor_low_r01,0.015736326575279236,0.019224368035793304,4.5396668910980225,92.34855240372197,-0.9432128667831421,0.14365221560001373,3.3453264236450195,91.76374014309935,1.5367221599521785,0.584812260622611,1,154,1788688506.0532768
1788688554.837476,48.776000,gate_sweep_poor_low_r01,0.0144340880215168,0.022102482616901398,4.54327130317688,92.65953738825895,-0.9319990873336792,0.14127376675605774,3.3363194465637207,91.97477397187994,1.5383986266758842,0.6847634163790083,1,357,1788688506.0614564
1788688554.884610,48.808000,gate_sweep_poor_low_r01,0.012983158230781555,0.02477298676967621,4.5462305545806885,92.9627669037912,-0.9311466217041016,0.1418820470571518,3.316134452819824,92.2520173116147,1.5550665557874301,0.7107495921765135,1,210,1788688506.0765922
1788688554.938981,48.844000,gate_sweep_poor_low_r01,0.009629286825656891,0.030233345925807953,4.551487684249878,93.62347442818435,-0.9350721836090088,0.146474689245224,3.307163953781128,92.66514535279354,1.5666251831072384,0.9583290753907991,1,155,1788688506.0949616
1788688554.981039,48.876000,gate_sweep_poor_low_r01,0.006049906834959984,0.035521864891052246,4.555943727493286,94.3075126450733,-0.9279631972312927,0.14481325447559357,3.277465581893921,93.20703258033335,1.5870826869385188,1.100480064739959,1,388,1788688506.1050158
1788688555.030747,48.908000,gate_sweep_poor_low_r01,0.001601995900273323,0.041650280356407166,4.560645818710327,95.14240269268684,-0.9259143471717834,0.1436735838651657,3.2651922702789307,93.97031579081725,1.5965259839000736,1.1720869018695819,1,254,1788688506.1227276
1788688555.085671,48.940000,gate_sweep_poor_low_r01,-0.005286107771098614,0.05054110288619995,4.5667784214019775,96.40716310448889,-0.9292126893997192,0.14581260085105896,3.267146587371826,94.82964613893094,1.5974228903421257,1.577516965557946,1,188,1788688506.1456554
1788688555.130834,48.976000,gate_sweep_poor_low_r01,-0.011962418910115957,0.05859018862247467,4.571855306625366,97.59941674610675,-0.9404271245002747,0.14667735993862152,3.26419997215271,95.87342653786932,1.6061657862910337,1.7259902082374319,1,415,1788688506.1548147
1788688555.181756,49.008000,gate_sweep_poor_low_r01,-0.01774109610414598,0.06518090516328812,4.575707674026489,98.59856112010186,-0.9442229270935059,0.15306682884693146,3.2658863067626953,97.1092237951304,1.6067745743805877,1.4893373249714528,1,290,1788688506.173738
1788688555.237095,49.040000,gate_sweep_poor_low_r01,-0.026331640779972076,0.07459510117769241,4.580853223800659,100.06219043752448,-0.9467111825942993,0.16663816571235657,3.263643264770508,98.53254625444833,1.6095379780817525,1.5296441830761356,1,213,1788688506.1970751
1788688555.280409,49.072000,gate_sweep_poor_low_r01,-0.03865447826683521,0.0874161571264267,4.587280035018921,102.09008824886486,-0.9572600722312927,0.17180366814136505,3.2476494312286377,99.87757481123138,1.626520102516292,2.2125134376334747,1,403,1788688506.20839
1788688555.334611,49.108000,gate_sweep_poor_low_r01,-0.049783751368522644,0.09850786626338959,4.592297792434692,103.8486443475405,-0.9790878295898438,0.17632319033145905,3.205057144165039,101.49385341517524,1.67155553622074,2.354790932365257,1,249,1788688506.2265916
1788688555.385402,49.140000,gate_sweep_poor_low_r01,-0.0620393231511116,0.110334113240242,4.597124814987183,105.70789712585457,-0.9999483823776245,0.1927337944507599,3.1846961975097656,103.20552216608291,1.697473920362821,2.5023749597716565,1,411,1788688506.2453835
1788688555.430772,49.172000,gate_sweep_poor_low_r01,-0.07196273654699326,0.11968718469142914,4.600569486618042,107.1523495637159,-1.0053819417953491,0.20001235604286194,3.178278923034668,105.14530581363077,1.7031247732146406,2.0070437500851357,1,241,1788688506.2587504
1788688555.490215,49.204000,gate_sweep_poor_low_r01,-0.08977674692869186,0.13614113628864288,4.605900049209595,109.62383831277727,-1.0072922706604004,0.2089497596025467,3.201002597808838,107.23921496236736,1.6795453792231632,2.3846233504099175,1,174,1788688506.2861936
1788688555.544256,49.240000,gate_sweep_poor_low_r01,-0.10515544563531876,0.15004627406597137,4.609815359115601,111.6283970112798,-0.9876658320426941,0.20959177613258362,3.191502571105957,109.34184651818109,1.6715206889431395,2.2865504930987144,1,396,1788688506.3042324
1788688555.600378,49.272000,gate_sweep_poor_low_r01,-0.1214713454246521,0.16458293795585632,4.613428354263306,113.6269080104857,-1.0274749994277954,0.19361957907676697,3.1755969524383545,110.90951507269286,1.6997190613947166,2.71739293779286,1,248,1788688506.3283584
1788688555.660644,49.304000,gate_sweep_poor_low_r01,-0.1429862454533577,0.18362168967723846,4.617520570755005,116.0732899710963,-1.0473819971084595,0.2025042027235031,3.133450746536255,112.79846757330559,1.7380309168905512,3.27482239779071,1,172,1788688506.3566253
1788688555.708009,49.336000,gate_sweep_poor_low_r01,-0.16108690947294235,0.19961047172546387,4.6205222606658936,117.95289769514795,-1.130043625831604,0.2282663732767105,3.094282388687134,113.68577549453572,1.80806704125926,4.267122200612236,1,368,1788688506.37199
1788688555.773948,49.372000,gate_sweep_poor_low_r01,-0.18462959676980972,0.22056469321250916,4.624023675918579,120.15749499750896,-1.1521075963974,0.22691480815410614,3.1077089309692383,115.69714379384084,1.7986840771725199,4.460351203668133,1,221,1788688506.4019282
1788688555.815316,49.404000,gate_sweep_poor_low_r01,-0.19924772530794144,0.23367947340011597,4.626054525375366,121.38551425269573,-1.226485252380371,0.2115311175584793,3.1202595233917236,116.39253976662054,1.82294434218143,4.992974486075189,1,342,1788688506.4112976
1788688555.879373,49.436000,gate_sweep_poor_low_r01,-0.21915286034345627,0.2518031895160675,4.628745794296265,122.88870850689983,-1.2620134353637695,0.20609885454177856,3.116299867630005,117.69485772835321,1.8376995799794105,5.193850778546622,1,180,1788688506.443348
1788688555.929781,49.468000,gate_sweep_poor_low_r01,-0.23951058834791183,0.2706878185272217,4.63144850730896,124.2199892037133,-1.2828104496002197,0.18174034357070923,3.0756382942199707,118.91153052223619,1.8753484137466911,5.308458681477107,1,325,1788688506.461755
1788688555.988258,49.504000,gate_sweep_poor_low_r01,-0.2654813304543495,0.2953924834728241,4.634907960891724,125.6181839701184,-1.2950785160064697,0.18161888420581818,3.036752700805664,120.35719820431935,1.9044986300146707,5.260985765799051,1,177,1788688506.4842374
1788688556.033229,49.536000,gate_sweep_poor_low_r01,-0.28660691529512405,0.31599342823028564,4.637787580490112,126.50553201524576,-1.3138785362243652,0.18158045411109924,3.003603219985962,121.32272490455743,1.934919211464529,5.182807110688328,1,335,1788688506.4971855
1788688556.091277,49.568000,gate_sweep_poor_low_r01,-0.3025349751114845,0.3318833112716675,4.640029668807983,127.03179015375521,-1.3274694681167603,0.18700066208839417,2.9913580417633057,122.13498114122628,1.9466894541267978,4.896809012528921,1,179,1788688506.5232577
1788688556.138300,49.600000,gate_sweep_poor_low_r01,-0.3292316272854805,0.35921233892440796,4.643907785415649,127.63448228775634,-1.338992714881897,0.18937842547893524,2.983135461807251,122.76443924282525,1.9510575909090282,4.870043044931105,1,324,1788688506.5382845
1788688556.189750,49.636000,gate_sweep_poor_low_r01,-0.3506825938820839,0.38186702132225037,4.647114038467407,127.87068654230404,-1.3456008434295654,0.20495069026947021,2.9646189212799072,123.34393079792136,1.9626389201367584,4.526755744382683,1,179,1788688506.5537333
1788688556.238574,49.668000,gate_sweep_poor_low_r01,-0.37213537842035294,0.4052709937095642,4.650380373001099,127.88406701525858,-1.3531708717346191,0.21985682845115662,2.9561877250671387,123.59962301884441,1.9664937783106053,4.284443996414169,1,343,1788688506.5705566
1788688556.287350,49.700000,gate_sweep_poor_low_r01,-0.39350230246782303,0.42943257093429565,4.653702020645142,127.68534766112634,-1.3687105178833008,0.23944193124771118,2.9416353702545166,123.53853579115732,1.9794695557047937,4.146811869969038,1,214,1788688506.587325
1788688556.345513,49.732000,gate_sweep_poor_low_r01,-0.4199794605374336,0.460624098777771,4.657740354537964,127.13978999804189,-1.3881388902664185,0.2561973035335541,2.9358510971069336,123.20939819535751,1.985957101964531,3.9303918026843747,1,135,1788688506.6134963
1788688556.391176,49.768000,gate_sweep_poor_low_r01,-0.43571553379297256,0.47985321283340454,4.66004204750061,126.66361862731593,-1.4097802639007568,0.27585068345069885,2.929079294204712,122.753284395523,1.9966600070448173,3.910334231792931,1,354,1788688506.623157
1788688556.439919,49.800000,gate_sweep_poor_low_r01,-0.45646319538354874,0.5061214566230774,4.662948369979858,125.86048498359807,-1.4184439182281494,0.3037809729576111,2.8979830741882324,122.19035230132545,2.020260151021006,3.67013268227263,1,207,1788688506.6398928
1788688556.503388,49.832000,gate_sweep_poor_low_r01,-0.48201606422662735,0.5398932099342346,4.666267156600952,124.606780990875,-1.4342025518417358,0.3368909955024719,2.8863935470581055,121.35138526618265,2.02874815396295,3.2553957246923466,1,143,1788688506.6713753
1788688556.556119,49.864000,gate_sweep_poor_low_r01,-0.5021520331501961,0.5676508545875549,4.668626546859741,123.41889507421902,-1.4500975608825684,0.35857266187667847,2.851105213165283,120.58517808893727,2.0605092119788093,2.833716985281759,1,325,1788688506.6920986
1788688556.612270,49.900000,gate_sweep_poor_low_r01,-0.5219789817929268,0.5959736704826355,4.670637369155884,122.08490398101468,-1.463462233543396,0.38395556807518005,2.8222153186798096,119.2285055253609,2.0851873934400404,2.8563984556537765,1,194,1788688506.7122507
1788688556.660747,49.932000,gate_sweep_poor_low_r01,-0.5366377905011177,0.6175526976585388,4.6718995571136475,120.99684086857407,-1.4874333143234253,0.42568108439445496,2.8239188194274902,117.91749655106258,2.0870696325125744,3.0793443175114796,1,351,1788688506.7287228
1788688556.712356,49.964000,gate_sweep_poor_low_r01,-0.5606783702969551,0.6541416049003601,4.6735780239105225,119.0386771419961,-1.5145291090011597,0.46072959899902344,2.823554039001465,116.32467916428145,2.0904133994241723,2.7139979777146586,1,213,1788688506.748334
1788688556.774751,49.996000,gate_sweep_poor_low_r01,-0.579644151031971,0.6839199662208557,4.674497842788696,117.36310103691186,-1.5239052772521973,0.47951647639274597,2.819350481033325,114.72597040112326,2.09164566668748,2.6371306357885946,1,140,1788688506.7787242
1788688556.826045,50.032000,gate_sweep_poor_low_r01,-0.5984242632985115,0.7141494750976562,4.675031900405884,115.6107895384747,-1.534991979598999,0.4932396411895752,2.816826343536377,113.35023938528063,2.092579301607067,2.2605501531940733,1,347,1788688506.7939897
1788688556.887909,50.064000,gate_sweep_poor_low_r01,-0.6216474249958992,0.7525057792663574,4.675180673599243,113.34383805290136,-1.5246868133544922,0.5016311407089233,2.8409345149993896,111.81400923394318,2.0598245535813735,1.529828818958176,1,170,1788688506.8238785
1788688556.935364,50.096000,gate_sweep_poor_low_r01,-0.6399868205189705,0.7835915088653564,4.674967050552368,111.48949849988374,-1.5417712926864624,0.528967559337616,2.8554775714874268,109.96830711011359,2.046604640457829,1.5211913897701408,1,332,1788688506.8393455
1788688556.983004,50.128000,gate_sweep_poor_low_r01,-0.6535961702466011,0.8071483969688416,4.674591779708862,110.087400327898,-1.5791568756103516,0.5711961984634399,2.849579095840454,107.93457053666937,2.059856149242841,2.152829791228633,1,181,1788688506.854987
1788688557.044507,50.164000,gate_sweep_poor_low_r01,-0.6760416701436043,0.8468698263168335,4.673661470413208,107.74772903274899,-1.6135149002075195,0.6224672198295593,2.8411195278167725,105.73580825065925,2.0706092239386624,2.0119207820897436,1,137,1788688506.880475
1788688557.091100,50.196000,gate_sweep_poor_low_r01,-0.6938387230038643,0.8790259957313538,4.67270827293396,105.89567018095079,-1.6377843618392944,0.6376241445541382,2.821476936340332,104.18332462317115,2.091976501879131,1.7123455577796434,1,340,1788688506.8950746
1788688557.146932,50.228000,gate_sweep_poor_low_r01,-0.7115573957562447,0.9115149974822998,4.67159104347229,104.07535284881197,-1.6462756395339966,0.6583713293075562,2.7985126972198486,102.39257944569034,2.108602002082828,1.6827734031216246,1,151,1788688506.9189148
1788688557.189421,50.260000,gate_sweep_poor_low_r01,-0.7336386516690254,0.9525951147079468,4.669988393783569,101.86901742713134,-1.6633714437484741,0.6903602480888367,2.797569990158081,100.61192130762436,2.1069221314927638,1.2570961195069794,1,291,1788688506.9294019
1788688557.247094,50.296000,gate_sweep_poor_low_r01,-0.7512780502438545,0.9857895374298096,4.668572664260864,100.1708289895934,-1.7005414962768555,0.7436574101448059,2.793200969696045,98.43678703252226,2.1158327083710873,1.7340419570711345,1,142,1788688506.9510713
1788688557.295612,50.328000,gate_sweep_poor_low_r01,-0.7645362690091133,1.0108166933059692,4.667430639266968,98.94547380121828,-1.7200274467468262,0.7862825989723206,2.8011252880096436,96.69556386371377,2.1086665488845213,2.249909937504505,1,321,1788688506.967593
1788688557.356156,50.360000,gate_sweep_poor_low_r01,-0.7821093872189522,1.0444368124008179,4.665947675704956,97.38004493927448,-1.744679570198059,0.825775146484375,2.8015143871307373,94.98592548416667,2.1096127058883254,2.3941194551078144,1,168,1788688506.9961414
1788688557.405829,50.392000,gate_sweep_poor_low_r01,-0.8040307834744453,1.0867689847946167,4.664197683334351,95.54706313323258,-1.7492703199386597,0.8599893450737,2.8036577701568604,93.69411882674602,2.0991702062513973,1.8529443064865687,1,290,1788688507.013814
1788688557.460708,50.428000,gate_sweep_poor_low_r01,-0.8214615657925606,1.120866060256958,4.662935972213745,94.18433773287722,-1.7625672817230225,0.9051393270492554,2.8116366863250732,92.09952479866746,2.087948044829986,2.084812934209777,1,141,1788688507.0326846
1788688557.501792,50.460000,gate_sweep_poor_low_r01,-0.8388184383511543,1.1551731824874878,4.66182541847229,92.91794064522176,-1.7735052108764648,0.9429432153701782,2.81443190574646,90.85340424931712,2.081236102064799,2.064536395904642,1,282,1788688507.0417721
1788688557.559421,50.492000,gate_sweep_poor_low_r01,-0.860306866466999,1.1983779668807983,4.660560846328735,91.47239108164389,-1.7759770154953003,0.9888887405395508,2.8075058460235596,89.73306487687039,2.0775346909090544,1.7393262047735123,1,152,1788688507.0674067
1788688557.602706,50.524000,gate_sweep_poor_low_r01,-0.8730598762631416,1.2244404554367065,4.659868001937866,90.67968263264527,-1.7724730968475342,1.0359199047088623,2.802823066711426,88.74018740788819,2.071979737077294,1.9394952247570842,1,277,1788688507.0786848
1788688557.656979,50.560000,gate_sweep_poor_low_r01,-0.8939802721142769,1.2682348489761353,4.65882420539856,89.47781754767966,-1.7815711498260498,1.0851449966430664,2.798851251602173,87.65657807016697,2.0690188131282317,1.8212394775126812,1,137,1788688507.096962
1788688557.695411,50.592000,gate_sweep_poor_low_r01,-0.9063644483685493,1.2946555614471436,4.658223390579224,88.82962913059475,-1.7712539434432983,1.1172411441802979,2.7936947345733643,87.0245481826399,2.063001896075669,1.8050809479548453,1,316,1788688507.1033924
1788688557.752007,50.624000,gate_sweep_poor_low_r01,-0.9265858009457588,1.339028239250183,4.657297849655151,87.86803405487692,-1.779363989830017,1.150395393371582,2.791353702545166,86.26210458086402,2.0602331300401384,1.6059294740128969,1,167,1788688507.1279907
1788688557.789201,50.656000,gate_sweep_poor_low_r01,-0.9423727467656136,1.3747504949569702,4.656663179397583,87.20244055110071,-1.7793090343475342,1.1949008703231812,2.780083179473877,85.695441641697,2.0626101747703025,1.5069989094037182,1,292,1788688507.1331868
1788688557.850701,50.692000,gate_sweep_poor_low_r01,-0.9615470245480537,1.4196897745132446,4.655956983566284,86.49977149201989,-1.790053129196167,1.2418285608291626,2.7698261737823486,85.01443402224895,2.067739444027842,1.485337469770935,1,175,1788688507.1586766
1788688557.896302,50.724000,gate_sweep_poor_low_r01,-0.9727119281888008,1.4467588663101196,4.65561842918396,86.14568129198832,-1.7923344373703003,1.2867610454559326,2.762133836746216,84.61707372147617,2.0694598962130666,1.5286075705121431,1,294,1788688507.1722841
1788688557.949109,50.756000,gate_sweep_poor_low_r01,-0.9871275499463081,1.483004093170166,4.655284643173218,85.7538670041886,-1.8037382364273071,1.3278776407241821,2.7604689598083496,84.17370965864986,2.069116648101048,1.5801573455387568,1,166,1788688507.193083
1788688557.986285,50.788000,gate_sweep_poor_low_r01,-1.0009668543934822,1.5193825960159302,4.655115842819214,85.45335245915219,-1.8062074184417725,1.3742139339447021,2.7541606426239014,83.92876808977368,2.0695692739277805,1.5245843693785046,1,329,1788688507.1982605
1788688558.042279,50.824000,gate_sweep_poor_low_r01,-1.0173363760113716,1.5650429725646973,4.655245065689087,85.21125830039972,-1.8155922889709473,1.4224978685379028,2.744718551635742,83.70636880407118,2.075486249089056,1.5048894963285366,1,191,1788688507.2182543
1788688558.082978,50.856000,gate_sweep_poor_low_r01,-1.0296113565564156,1.601662516593933,4.655506372451782,85.12553944159518,-1.819547176361084,1.4631009101867676,2.7382705211639404,83.66255637296476,2.0782182820012007,1.4629830686304155,1,351,1788688507.2269607
1788688558.138178,50.888000,gate_sweep_poor_low_r01,-1.0383484438061714,1.6291972398757935,4.6557886600494385,85.12860836229035,-1.8314683437347412,1.5028986930847168,2.726789712905884,83.57949565480546,2.0895041126222234,1.5491127074849043,1,207,1788688507.2501585
1788688558.181888,50.920000,gate_sweep_poor_low_r01,-1.0519543960690498,1.6752219200134277,4.656433343887329,85.25617058113154,-1.83302640914917,1.5470571517944336,2.723803758621216,83.77834237700735,2.0884340572006406,1.4778282041242048,1,356,1788688507.2618558
1788688558.236933,50.956000,gate_sweep_poor_low_r01,-1.061934120953083,1.7121601104736328,4.657102346420288,85.47272752770085,-1.8410462141036987,1.5936964750289917,2.7243244647979736,83.96843065091363,2.087266065048904,1.5042968767872091,1,211,1788688507.28091
1788688558.278629,50.988000,gate_sweep_poor_low_r01,-1.0710645988583565,1.7492023706436157,4.6578686237335205,85.79081468715356,-1.860161304473877,1.6297245025634766,2.719599962234497,84.1027067459621,2.0961474127368662,1.6881079411914637,1,362,1788688507.2906117
1788688558.334663,51.020000,gate_sweep_poor_low_r01,-1.0812251642346382,1.7956697940826416,4.65898060798645,86.32891705999641,-1.8663736581802368,1.669058084487915,2.708587884902954,84.47644826378229,2.1063049296834007,1.8524687962141173,1,212,1788688507.3146405
1788688558.372825,51.052000,gate_sweep_poor_low_r01,-1.0882912948727608,1.8330278396606445,4.659944295883179,86.8707931716992,-1.8659425973892212,1.7135341167449951,2.687373399734497,85.06056809750783,2.123689298945258,1.8102250741913752,1,374,1788688507.320799
1788688558.418874,51.088000,gate_sweep_poor_low_r01,-1.0929467752575874,1.8611598014831543,4.660723447799683,87.33753442884398,-1.862370491027832,1.7605701684951782,2.6796422004699707,85.83181909982893,2.1276310857796266,1.505715329015047,1,225,1788688507.330844
1788688558.472955,51.120000,gate_sweep_poor_low_r01,-1.099593885242939,1.908310055732727,4.6620800495147705,88.22566281408085,-1.8626474142074585,1.800710678100586,2.700683116912842,86.57027396348796,2.1073457811551206,1.6553888505928815,1,153,1788688507.3529413
1788688558.517752,51.152000,gate_sweep_poor_low_r01,-1.1029292419552803,1.9367178678512573,4.6629393100738525,88.81873374997872,-1.8553383350372314,1.8305141925811768,2.6791436672210693,87.43886261308462,2.1243455031126564,1.3798711368941035,1,325,1788688507.3657346
1788688558.570777,51.184000,gate_sweep_poor_low_r01,-1.107377178966999,1.9842348098754883,4.664448022842407,89.89533415913834,-1.8694519996643066,1.8598723411560059,2.6664340496063232,88.07734570633374,2.1420279860948317,1.8179884528046006,1,205,1788688507.386761
1788688558.620652,51.220000,gate_sweep_poor_low_r01,-1.109888680279255,2.0224180221557617,4.665711164474487,90.82331476799143,-1.8995764255523682,1.9052608013153076,2.6780405044555664,88.80849291398216,2.1420007474624385,2.014821854009281,1,360,1788688507.4006321
1788688558.667835,51.252000,gate_sweep_poor_low_r01,-1.111181028187275,2.0511839389801025,4.66667103767395,91.55163872315758,-1.9054008722305298,1.9542832374572754,2.6806981563568115,89.75044237909763,2.141089253617141,1.8011963440599492,1,231,1788688507.4158132
1788688558.721687,51.284000,gate_sweep_poor_low_r01,-1.112336404621601,2.099325180053711,4.668325185775757,92.8161599151158,-1.8838785886764526,2.0111889839172363,2.6883111000061035,91.04403987069846,2.1268523951350677,1.7721200444173524,1,160,1788688507.4376674
1788688558.762678,51.316000,gate_sweep_poor_low_r01,-1.1124131754040718,2.1379857063293457,4.669757127761841,93.85886680270315,-1.8486309051513672,2.088360548019409,2.6644492149353027,92.43917094781182,2.136759000724292,1.4196958548913219,1,342,1788688507.4466481
1788688558.820918,51.352000,gate_sweep_poor_low_r01,-1.1118191555142403,2.1767842769622803,4.671255826950073,94.91936037630097,-1.8588857650756836,2.1323659420013428,2.662271499633789,93.45102524801106,2.143851565525187,1.4683351282899038,1,198,1788688507.4689012
1788688558.869417,51.384000,gate_sweep_poor_low_r01,-1.1102240160107613,2.2253451347351074,4.673218011856079,96.25106974071831,-1.8636462688446045,2.1750681400299072,2.664426326751709,94.50165752386017,2.1460235090525606,1.7494122168581276,1,343,1788688507.4853978
1788688558.926520,51.416000,gate_sweep_poor_low_r01,-1.1078127697110176,2.2738492488861084,4.675269365310669,97.57192423671937,-1.861484408378601,2.226367712020874,2.6570680141448975,95.59071528511559,2.154857797888833,1.9812089516037776,1,210,1788688507.5105019
1788688558.963841,51.448000,gate_sweep_poor_low_r01,-1.106617696583271,2.2932300567626953,4.676130056381226,98.09121241941196,-1.8635609149932861,2.2702443599700928,2.667057752609253,96.64358696117428,2.147059128188503,1.4476254582376877,1,321,1788688507.5158238
1788688559.018559,51.484000,gate_sweep_poor_low_r01,-1.103186495602131,2.3415141105651855,4.678316354751587,99.36080247742399,-1.855303168296814,2.3175463676452637,2.6643214225769043,97.93003017067612,2.149983611302956,1.4307723067478706,1,206,1788688507.5345352
1788688559.060352,51.516000,gate_sweep_poor_low_r01,-1.1000039651989937,2.3798906803131104,4.680126428604126,100.33482758923108,-1.8615357875823975,2.3435256481170654,2.6728641986846924,98.8295951703129,2.147173675260188,1.5052324189181818,1,329,1788688507.5443306
1788688559.122318,51.548000,gate_sweep_poor_low_r01,-1.096434123814106,2.417961835861206,4.681864500045776,101.26666427489756,-1.8659776449203491,2.3786237239837646,2.6784379482269287,99.6356096807827,2.146500097008019,1.6310545941148746,1,190,1788688507.5743008
1788688559.166839,51.580000,gate_sweep_poor_low_r01,-1.0914862230420113,2.465040683746338,4.683964967727661,102.3576042895482,-1.8615471124649048,2.4152092933654785,2.6851532459259033,100.54199694407423,2.142597778421833,1.815607345473984,1,302,1788688507.5868204
1788688559.226425,51.616000,gate_sweep_poor_low_r01,-1.0872221067547798,2.502264976501465,4.685679197311401,103.16831456049285,-1.8596097230911255,2.457406997680664,2.6814029216766357,101.40661952052437,2.1484222716230614,1.7616950399684808,1,160,1788688507.6103837
1788688559.268871,51.648000,gate_sweep_poor_low_r01,-1.0839506462216377,2.529926061630249,4.687002897262573,103.73634649258244,-1.8534728288650513,2.4909605979919434,2.6807777881622314,102.20218375160678,2.1490979236231906,1.5341627409756569,1,275,1788688507.620845
1788688559.331664,51.680000,gate_sweep_poor_low_r01,-1.07840908318758,2.5754764080047607,4.689302206039429,104.60860954785849,-1.84976065158844,2.5274319648742676,2.678828477859497,102.88483465779503,2.1539025331458013,1.7237748900634766,1,133,1788688507.6516507
1788688559.375796,51.712000,gate_sweep_poor_low_r01,-1.073937065899372,2.611360549926758,4.691261529922485,105.23768989251771,-1.8452353477478027,2.561500310897827,2.673640251159668,103.56486105178305,2.160597766252402,1.672828840734654,1,263,1788688507.663774
1788688559.436641,51.748000,gate_sweep_poor_low_r01,-1.0694491937756538,2.6466877460479736,4.693400621414185,105.80596632739147,-1.845034122467041,2.6015474796295166,2.6723687648773193,104.1327810530184,2.16521116531446,1.673185274373065,1,142,1788688507.6886177
1788688559.477796,51.780000,gate_sweep_poor_low_r01,-1.0649859979748726,2.6814372539520264,4.695712327957153,106.31542219303171,-1.8355482816696167,2.633927822113037,2.6692605018615723,104.74411775586272,2.1685318495822554,1.5713044371689915,1,232,1788688507.6977785
1788688559.528811,51.812000,gate_sweep_poor_low_r01,-1.0616601780056953,2.7071096897125244,4.697524309158325,106.65978422135103,-1.8295361995697021,2.669757127761841,2.673386335372925,105.24558792488253,2.165216694766903,1.414196296468499,1,135,1788688507.7167869
1788688559.583620,51.844000,gate_sweep_poor_low_r01,-1.0562099292874336,2.7491159439086914,4.700613260269165,107.17073453469469,-1.8231472969055176,2.709496021270752,2.680098295211792,105.640537662677,2.1615372742887384,1.5301968720176824,1,108,1788688507.739597
1788688559.628600,51.880000,gate_sweep_poor_low_r01,-1.0520033910870552,2.7819385528564453,4.703157186508179,107.52484907845222,-1.826350212097168,2.769747734069824,2.6568896770477295,105.90617409122557,2.1879150658891278,1.6186749872266541,1,210,1788688507.7485762
1788688559.691455,51.912000,gate_sweep_poor_low_r01,-1.0479208305478096,2.813995838165283,4.7058188915252686,107.83690436980935,-1.8431358337402344,2.81381893157959,2.6310982704162598,105.87012658278735,2.2218984198772946,1.9667777870219925,1,114,1788688507.779434
1788688559.730568,51.944000,gate_sweep_poor_low_r01,-1.0430233553051949,2.8529789447784424,4.709250211715698,108.17869737614531,-1.8339754343032837,2.8576548099517822,2.6391141414642334,106.24593775360471,2.2160980132527297,1.932759622540604,1,219,1788688507.786552
1788688559.786211,51.976000,gate_sweep_poor_low_r01,-1.0392642095685005,2.883187770843506,4.712048292160034,108.42326308775878,-1.8438578844070435,2.890977621078491,2.6423180103302,106.19691724342871,2.2206339416662706,2.2263458443300594,1,110,1788688507.810183
1788688559.831106,52.012000,gate_sweep_poor_low_r01,-1.036569006741047,2.9052200317382812,4.714159727096558,108.59192724883582,-1.8502156734466553,2.9243626594543457,2.6440212726593018,106.26448212793488,2.2243786905508904,2.3274451209009306,1,215,1788688507.8190854
1788688559.888723,52.044000,gate_sweep_poor_low_r01,-1.0323399379849434,2.9407215118408203,4.717692136764526,108.85769218963361,-1.8486902713775635,2.9540514945983887,2.64343523979187,106.4127558625061,2.2291584129238533,2.444936327127506,1,127,1788688507.844699
1788688559.929181,52.076000,gate_sweep_poor_low_r01,-1.0291875675320625,2.9680044651031494,4.720533132553101,109.06058270397968,-1.8453493118286133,2.986564874649048,2.6391751766204834,106.6349989777614,2.235735991207303,2.425583726218281,1,225,1788688507.8531609
1788688559.985487,52.108000,gate_sweep_poor_low_r01,-1.0262559726834297,2.9942522048950195,4.7234179973602295,109.26023824985312,-1.8435732126235962,3.0122268199920654,2.6377432346343994,106.74059516274309,2.240171817821737,2.5196430871100204,1,137,1788688507.87746
1788688560.031731,52.144000,gate_sweep_poor_low_r01,-1.0229150131344795,3.0256245136260986,4.7269909381866455,109.49892972704002,-1.844527006149292,3.0408709049224854,2.627791166305542,106.8291837381114,2.2543110703225966,2.6697459889286286,1,226,1788688507.8876948
1788688560.077503,52.176000,gate_sweep_poor_low_r01,-1.0205259397625923,3.0494744777679443,4.729863405227661,109.66980226126387,-1.844527006149292,3.0408709049224854,2.627791166305542,106.82919845868601,2.2578218433966786,2.840603802577867,1,133,1788688507.901484
1788688560.133468,52.208000,gate_sweep_poor_low_r01,-1.0189236477017403,3.066715717315674,4.732028245925903,109.77530715506873,-1.8398391008377075,3.0468459129333496,2.6147873401641846,106.84926549793096,2.2709042347387363,2.9260416571377776,1,105,1788688507.9254403
1788688560.177837,52.240000,gate_sweep_poor_low_r01,-1.016572780907154,3.094148874282837,4.735706567764282,109.87808833769574,-1.8529549837112427,3.051921844482422,2.550428867340088,106.56039167683545,2.340247196170618,3.3176966608602916,1,222,1788688507.9378138
1788688560.223603,52.276000,gate_sweep_poor_low_r01,-1.0150055959820747,3.114915609359741,4.73885703086853,109.85709299493521,-1.8780784606933594,3.0680508613586426,2.5267369747161865,106.0885941032669,2.3749876246493575,3.768498891668311,1,127,1788688507.947585
1788688560.276664,52.308000,gate_sweep_poor_low_r01,-1.0137396529316902,3.1346261501312256,4.742407560348511,109.68869066821904,-1.878306269645691,3.0728189945220947,2.5262606143951416,105.89460856900001,2.3796224165357054,3.794082099219021,1,88,1788688507.9686365
1788688560.331364,52.340000,gate_sweep_poor_low_r01,-1.0128075554966927,3.153333902359009,4.74659276008606,109.31222268932252,-1.853480339050293,3.0674164295196533,2.5298736095428467,105.79510113871864,2.372331413089639,3.5171215506038864,1,74,1788688507.9913433
1788688560.372561,52.372000,gate_sweep_poor_low_r01,-1.0120205953717232,3.175433874130249,4.75247597694397,108.47579692472726,-1.8426252603530884,3.0600624084472656,2.4891457557678223,105.64824880819597,2.4136856412283505,2.827548116531301,1,219,1788688508.0005412
1788688560.422738,52.408000,gate_sweep_poor_low_r01,-1.0117183402180672,3.188075304031372,4.755861043930054,107.75307877916988,-1.8117977380752563,3.0727100372314453,2.4627010822296143,105.21618567566361,2.431464331962388,2.5368931035062663,1,134,1788688508.0147204
1788688560.476965,52.440000,gate_sweep_poor_low_r01,-1.0114072039723396,3.208217144012451,4.76032567024231,106.16464802024767,-1.8399467468261719,3.0732836723327637,2.4325125217437744,103.58183492097261,2.4745502359367517,2.582813099275056,1,94,1788688508.036951
1788688560.520553,52.472000,gate_sweep_poor_low_r01,-1.0113000348210335,3.219768524169922,4.7621214389801025,104.98722514089269,-1.785250186920166,3.0971662998199463,2.4005091190338135,102.77301237353514,2.4882208288397405,2.2142127673575462,1,194,1788688508.0485303
1788688560.570753,52.504000,gate_sweep_poor_low_r01,-1.0111321285367012,3.238229990005493,4.763667345046997,102.66423863830136,-1.7694110870361328,3.104682683944702,2.378004550933838,101.3068548904941,2.5068324293966846,1.3573837478072712,1,111,1788688508.0667331
1788688560.628597,52.540000,gate_sweep_poor_low_r01,-1.0108398869633675,3.2557473182678223,4.763336896896362,99.90231421437348,-1.7837581634521484,3.100721597671509,2.361677885055542,98.68162616282906,2.5277265764581855,1.2206880515444236,1,76,1788688508.0885704
1788688560.670202,52.572000,gate_sweep_poor_low_r01,-1.0106451585888863,3.2624738216400146,4.762654542922974,98.67773134422013,-1.7751277685165405,3.094561815261841,2.3397040367126465,96.61378172112993,2.546235899973257,2.063949623090219,1,153,1788688508.0981817
1788688560.717932,52.604000,gate_sweep_poor_low_r01,-1.0100130513310432,3.2787184715270996,4.7599499225616455,95.32648199573373,-1.7571388483047485,3.0989890098571777,2.309285879135132,94.25190872980889,2.568317326507638,1.0745732659248415,1,79,1788688508.1139133
1788688560.771534,52.636000,gate_sweep_poor_low_r01,-1.0091030076146126,3.29413104057312,4.755898714065552,91.57232656759592,-1.7661794424057007,3.0946972370147705,2.269665479660034,91.12388036078875,2.606586707934393,0.448446206807182,1,60,1788688508.1355195
1788688560.813843,52.672000,gate_sweep_poor_low_r01,-1.0083444193005562,3.302936553955078,4.752885103225708,89.13007780199966,-1.7515839338302612,3.107891798019409,2.2455785274505615,88.2288641935392,2.622409902685247,0.9012136084604737,1,160,1788688508.1418128
1788688560.870536,52.704000,gate_sweep_poor_low_r01,-1.0066960528492928,3.3168485164642334,4.747267007827759,84.75685861262524,-1.7763525247573853,3.1023597717285156,2.2120895385742188,84.2919219849738,2.6581010716259645,0.4649366276514348,1,64,1788688508.1665115
1788688560.909070,52.736000,gate_sweep_poor_low_r01,-1.0049354508519173,3.3272626399993896,4.742350816726685,80.99155281128736,-1.7770233154296875,3.1224324703216553,2.186906337738037,80.68030311031619,2.6773814734236194,0.3112497009711822,1,186,1788688508.1730523
1788688560.973933,52.768000,gate_sweep_poor_low_r01,-1.0020936205983162,3.339414119720459,4.73587965965271,75.96630985906442,-1.7827714681625366,3.1752469539642334,2.1810927391052246,77.09819838064314,2.6764425959453044,1.1318885215787076,1,120,1788688508.205913
1788688561.024168,52.804000,gate_sweep_poor_low_r01,-0.9999265745282173,3.3462326526641846,4.731886625289917,72.79245731909263,-1.7457407712936401,3.187690496444702,2.176852226257324,73.0650287466437,2.66637866996333,0.2725714275510722,1,200,1788688508.2201385
1788688561.077046,52.836000,gate_sweep_poor_low_r01,-0.9965421035885811,3.3547861576080322,4.726893663406372,68.40997803664591,-1.7477514743804932,3.2148447036743164,2.1714818477630615,69.09393840775954,2.667213654138735,0.6839603711136267,1,214,1788688508.2410173
1788688561.119651,52.868000,gate_sweep_poor_low_r01,-0.9924798086285591,3.362703800201416,4.7231457233428955,63.90378210345156,-1.7653273344039917,3.213390350341797,2.181480884552002,65.6683316471334,2.6607607854055817,1.7645495436818317,1,199,1788688508.2516303
1788688561.177269,52.900000,gate_sweep_poor_low_r01,-0.9864179566502571,3.371575355529785,4.721548795700073,58.18211407956709,-1.877074956893921,3.129486322402954,2.2106740474700928,61.32589780970538,2.67513906056158,3.14378373013829,1,121,1788688508.2772396
1788688561.227018,52.936000,gate_sweep_poor_low_r01,-0.9806555584073067,3.3777995109558105,4.722863435745239,53.61423046304122,-1.985660433769226,3.017171859741211,2.2508277893066406,57.00118191530173,2.6927768826222653,3.3869514522605093,1,174,1788688508.290997
1788688561.270761,52.968000,gate_sweep_poor_low_r01,-0.975775308907032,3.3819308280944824,4.72527003288269,50.239837970134296,-2.0627222061157227,2.9052188396453857,2.2799196243286133,53.16307532443751,2.7181696963026947,2.92323735430321,1,149,1788688508.3027298
1788688561.330770,53.000000,gate_sweep_poor_low_r01,-0.9686833694577217,3.3868541717529297,4.729985952377319,45.85910349979708,-2.066232919692993,2.8959133625030518,2.274590253829956,48.92086286840312,2.7339725547001135,3.061759368606037,1,65,1788688508.3307536
1788688561.381359,53.032000,gate_sweep_poor_low_r01,-0.958719439804554,3.392174243927002,4.738203763961792,40.66820790817058,-2.1181516647338867,2.8204798698425293,2.3100359439849854,45.2798163660963,2.7508392362214367,4.611608457925718,1,168,1788688508.349331
1788688561.437520,53.068000,gate_sweep_poor_low_r01,-0.9499667957425117,3.395928382873535,4.746360540390015,36.8003564933499,-2.1523492336273193,2.7052626609802246,2.337719202041626,41.66043476337637,2.77926172987233,4.860078270026471,1,174,1788688508.3695002
1788688561.483770,53.100000,gate_sweep_poor_low_r01,-0.9405704811215401,3.3994040489196777,4.7552454471588135,33.22732761340812,-2.165674924850464,2.635850191116333,2.3599562644958496,38.81854192738594,2.796659732679851,5.591214313977819,1,164,1788688508.3837516
1788688561.526598,53.132000,gate_sweep_poor_low_r01,-0.9331256225705147,3.401897668838501,4.761924982070923,30.75230446443524,-2.1722910404205322,2.611703872680664,2.3567371368408203,35.64703473534595,2.8186638215871658,4.8947302709107054,1,169,1788688508.394574
1788688561.579750,53.164000,gate_sweep_poor_low_r01,-0.9200083687901497,3.4059970378875732,4.7723023891448975,27.047061448570282,-2.225924491882324,2.524014949798584,2.3413307666778564,32.70155616080304,2.8970558077990054,5.654494712232759,1,84,1788688508.4157271
1788688561.626311,53.200000,gate_sweep_poor_low_r01,-0.9089055731892586,3.4093785285949707,4.779428720474243,24.4586408891039,-2.248223066329956,2.496340751647949,2.3308467864990234,29.35442057798337,2.9364881775608884,4.89577968887947,1,160,1788688508.4262927
1788688561.686294,53.232000,gate_sweep_poor_low_r01,-0.8943712785840034,3.413912296295166,4.786536455154419,21.684931588385577,-2.2455391883850098,2.507174253463745,2.3407812118530273,26.68582442112959,2.937609114387077,5.00089283274401,1,84,1788688508.4542754
1788688561.727428,53.264000,gate_sweep_poor_low_r01,-0.8822147324681282,3.417867660522461,4.79079794883728,19.827409517756617,-2.228137969970703,2.5244860649108887,2.360262155532837,24.538848550154103,2.9184146859486835,4.711439032397489,1,151,1788688508.4634066
1788688561.786722,53.296000,gate_sweep_poor_low_r01,-0.8695644810795784,3.4222657680511475,4.793882131576538,18.286111208395006,-2.2233505249023438,2.5329339504241943,2.3604464530944824,22.536862267732612,2.9232271440314688,4.250751059337607,1,95,1788688508.4907022
1788688561.831496,53.332000,gate_sweep_poor_low_r01,-0.8597683981060982,3.425875186920166,4.795438528060913,17.333874944604485,-2.1989035606384277,2.5702223777770996,2.339139223098755,20.342751932838095,2.925547980957156,3.0088769882336113,1,142,1788688508.499479
1788688561.892316,53.364000,gate_sweep_poor_low_r01,-0.8428745344281197,3.4325907230377197,4.796772241592407,16.129761909306957,-2.1776750087738037,2.608257293701172,2.339520215988159,18.827273249423666,2.9153568265945418,2.697511340116708,1,112,1788688508.5282955
1788688561.935987,53.396000,gate_sweep_poor_low_r01,-0.8288000300526619,3.438649892807007,4.796806573867798,15.504378557785323,-2.1608004570007324,2.628964424133301,2.3389170169830322,17.828945111309995,2.9105045558140583,2.3245665535246727,1,166,1788688508.539971
1788688561.984262,53.428000,gate_sweep_poor_low_r01,-0.814229853451252,3.4453370571136475,4.796075105667114,15.172059975842219,-2.1419975757598877,2.6585569381713867,2.3379292488098145,17.042358126689525,2.9024939506486778,1.8702981508473058,1,117,1788688508.556243
1788688562.042798,53.464000,gate_sweep_poor_low_r01,-0.7952915504574776,3.4545412063598633,4.79426646232605,15.160682128529023,-2.122941493988037,2.6789677143096924,2.3443899154663086,16.61173718469542,2.89241485768916,1.4510550561663984,1,89,1788688508.5787792
1788688562.086816,53.496000,gate_sweep_poor_low_r01,-0.7795639112591743,3.462669849395752,4.792172193527222,15.467676856912457,-2.1027956008911133,2.668172597885132,2.343437671661377,17.13149965625725,2.894558471629425,1.663822799344795,1,173,1788688508.590791
1788688562.136290,53.528000,gate_sweep_poor_low_r01,-0.7675130441784859,3.4691262245178223,4.790355443954468,15.876302305351723,-2.0800089836120605,2.67238712310791,2.344621181488037,17.64929304717923,2.88774217501274,1.772990741827509,1,117,1788688508.6082692
1788688562.186334,53.560000,gate_sweep_poor_low_r01,-0.7469196394085884,3.4806339740753174,4.786926031112671,16.89181535031184,-2.059054374694824,2.689220428466797,2.3458898067474365,18.12312742225271,2.8821330316938196,1.2313120719408677,1,78,1788688508.626312
1788688562.241973,53.596000,gate_sweep_poor_low_r01,-0.7299985960125923,3.490596055984497,4.783929109573364,18.001122651578303,-2.024319648742676,2.7405340671539307,2.33786940574646,18.668736284074885,2.867240493804895,0.6676136324965808,1,52,1788688508.6459563
1788688562.286267,53.628000,gate_sweep_poor_low_r01,-0.7127175405621529,3.501246690750122,4.7808167934417725,19.36654776903408,-1.984864592552185,2.789722442626953,2.3283212184906006,19.496306308993695,2.852956260216628,0.12975853995961192,1,162,1788688508.658243
1788688562.333961,53.660000,gate_sweep_poor_low_r01,-0.695069320499897,3.5126357078552246,4.777694463729858,20.975973724295763,-1.9592852592468262,2.8236210346221924,2.325404644012451,20.638436434433807,2.8437138603596943,0.3375372898619577,1,93,1788688508.6739454
1788688562.379418,53.692000,gate_sweep_poor_low_r01,-0.6724802330136299,3.5278260707855225,4.7744200229644775,23.29001677588384,-1.9438215494155884,2.8262829780578613,2.3493785858154297,22.56998492978486,2.826534525816813,0.7200318460989789,1,72,1788688508.6873958
1788688562.433077,53.728000,gate_sweep_poor_low_r01,-0.6585832312703133,3.537527084350586,4.773228883743286,24.81873813985979,-1.9295204877853394,2.815725088119507,2.378803253173828,25.000312363516514,2.8052724880284017,0.18157422365672365,1,57,1788688508.7050588
1788688562.477226,53.760000,gate_sweep_poor_low_r01,-0.6396779492497444,3.55106782913208,4.773152589797974,26.993041509318566,-1.9223253726959229,2.8050036430358887,2.3590810298919678,26.66638771362899,2.8336438871169944,0.3266537956895762,1,151,1788688508.717208
1788688562.521894,53.792000,gate_sweep_poor_low_r01,-0.6203757598996162,3.565239429473877,4.775264501571655,29.2947328776752,-1.9200429916381836,2.809804677963257,2.351114273071289,28.66531686467376,2.852423690019293,0.629416013001445,1,90,1788688508.7298713
1788688562.577023,53.824000,gate_sweep_poor_low_r01,-0.5962809398770332,3.5803253650665283,4.7798378467559814,33.20204220147375,-1.903435468673706,2.8307180404663086,2.341111183166504,30.552744313720467,2.866697026710394,2.6492978877532876,1,62,1788688508.7530046
1788688562.625983,53.860000,gate_sweep_poor_low_r01,-0.5770962312817574,3.5904200077056885,4.784917116165161,36.93310023336639,-1.880714774131775,2.8664231300354004,2.3276350498199463,32.936546414468275,2.8743395654863986,3.996553818898108,1,130,1788688508.7659638
1788688562.688360,53.892000,gate_sweep_poor_low_r01,-0.5625643208622932,3.5982720851898193,4.78995680809021,39.69152688069121,-1.8909833431243896,2.8870983123779297,2.3443729877471924,35.58925886479872,2.8725155275762795,4.102268015892485,1,79,1788688508.7963452
1788688562.727980,53.924000,gate_sweep_poor_low_r01,-0.5381069257855415,3.6118650436401367,4.80009913444519,44.146720287995265,-1.9019267559051514,2.895078659057617,2.366060256958008,38.29304356808443,2.8806826460527417,5.853676719910835,1,149,1788688508.803963
1788688562.778268,53.956000,gate_sweep_poor_low_r01,-0.5182988718152046,3.6232173442840576,4.809422731399536,47.52451102550841,-1.908242106437683,2.8960840702056885,2.385129690170288,40.93444118350513,2.887535583070325,6.590069842003281,1,87,1788688508.8222468
1788688562.832993,53.992000,gate_sweep_poor_low_r01,-0.4981861785054207,3.635498523712158,4.819657564163208,50.695185983778444,-1.89469575881958,2.9102540016174316,2.40022611618042,44.24138218628014,2.8861509240207326,6.453803797498304,1,67,1788688508.8409722
1788688562.879557,54.024000,gate_sweep_poor_low_r01,-0.4725498929619789,3.652186632156372,4.8335278034210205,54.325899512996926,-1.8868402242660522,2.9164059162139893,2.355882406234741,47.02768195363072,2.9462377903643873,7.298217559366209,1,122,1788688508.8555295
1788688562.937485,54.056000,gate_sweep_poor_low_r01,-0.4516049697995186,3.666476249694824,4.845150709152222,56.93767448289857,-1.8885406255722046,2.920592784881592,2.3271243572235107,49.29291029091532,2.9935903077943187,7.644764191983246,1,76,1788688508.881468
1788688562.980879,54.088000,gate_sweep_poor_low_r01,-0.4355979636311531,3.6777544021606445,4.854130506515503,58.71702380355777,-1.8739339113235474,2.9611029624938965,2.3441057205200195,51.3314646210801,2.9803731327993606,7.385559182477673,1,118,1788688508.892851
1788688563.032383,54.124000,gate_sweep_poor_low_r01,-0.4082571044564247,3.6974968910217285,4.869385004043579,61.33096628744529,-1.8498246669769287,2.984189748764038,2.3761212825775146,53.59403640593223,2.9670335524368356,7.736929881513066,1,100,1788688508.9083571
1788688563.084043,54.156000,gate_sweep_poor_low_r01,-0.3857499435544014,3.714110851287842,4.881704568862915,63.10551787174499,-1.845707893371582,2.9828691482543945,2.425119161605835,54.99431460585482,2.94974634615217,8.111203265890177,1,86,1788688508.928026
1788688563.141919,54.188000,gate_sweep_poor_low_r01,-0.3626571074128151,3.731402635574341,4.89402174949646,64.59915564680311,-1.8288302421569824,2.999272584915161,2.46325421333313,56.010341808386165,2.9316051724250483,8.58881383841695,1,67,1788688508.9538956
1788688563.182335,54.220000,gate_sweep_poor_low_r01,-0.3329111710190773,3.753859519958496,4.909222364425659,66.08230721116803,-1.849164605140686,3.034837007522583,2.4840686321258545,56.265163219901176,2.9491335126038116,9.817143991266857,1,157,1788688508.9623141
1788688563.232371,54.256000,gate_sweep_poor_low_r01,-0.30829111486673355,3.7724874019622803,4.9210498332977295,66.97097171097838,-1.8336385488510132,3.04071044921875,2.4958934783935547,57.249107185540794,2.9569520876505826,9.72186452543758,1,86,1788688508.976337
1788688563.292411,54.288000,gate_sweep_poor_low_r01,-0.28937117010354996,3.7867918014526367,4.929635763168335,67.47134386485786,-1.8019757270812988,3.0400948524475098,2.5091845989227295,58.45986113110692,2.950273329361421,9.011482733750944,1,67,1788688509.0043766
1788688563.344119,54.320000,gate_sweep_poor_low_r01,-0.2636452838778496,3.8061511516571045,4.940616846084595,67.92340638090417,-1.767228364944458,3.041253089904785,2.5026848316192627,59.62718668962699,2.9646827205785784,8.296219691277178,1,142,1788688509.0240946
1788688563.397213,54.352000,gate_sweep_poor_low_r01,-0.23067938536405563,3.830928087234497,4.953478097915649,68.16974980546246,-1.7178313732147217,3.064682722091675,2.514296770095825,60.22930151074229,2.957762421925724,7.940448294720164,1,75,1788688509.0451946
1788688563.444236,54.388000,gate_sweep_poor_low_r01,-0.20373078435659409,3.8512234687805176,4.963012933731079,68.12709665238334,-1.6858538389205933,3.074723720550537,2.540762186050415,60.552141940439554,2.943966591609164,7.57495471194379,1,148,1788688509.0562172
1788688563.498382,54.420000,gate_sweep_poor_low_r01,-0.1762666180729866,3.8719818592071533,4.971808195114136,67.89321809210136,-1.6436258554458618,3.1023128032684326,2.5504910945892334,60.69812397380109,2.933992175938345,7.195094118300274,1,97,1788688509.0783606
1788688563.555690,54.452000,gate_sweep_poor_low_r01,-0.15532135218381882,3.887843608856201,4.977838754653931,67.60022518542678,-1.605762004852295,3.131087064743042,2.557044506072998,60.61093686607473,2.9217637392393603,6.989288319352047,1,68,1788688509.1036694
1788688563.604065,54.484000,gate_sweep_poor_low_r01,-0.11980843544006348,3.914900302886963,4.9868409633636475,66.9103970763856,-1.561716079711914,3.160508155822754,2.5640757083892822,60.25598713740761,2.91856071495399,6.654409938977993,1,130,1788688509.1200488
1788688563.667712,54.520000,gate_sweep_poor_low_r01,-0.09092046320438385,3.937162160873413,4.993139982223511,66.19891239956603,-1.5474822521209717,3.145648717880249,2.6009130477905273,59.31552162940877,2.9104665401267567,6.8833907701572565,1,58,1788688509.1476965
1788688563.709279,54.552000,gate_sweep_poor_low_r01,-0.0616774745285511,3.9600534439086914,4.998516798019409,65.36685135046359,-1.5139079093933105,3.1554954051971436,2.615382671356201,58.78178768335083,2.9044130455687034,6.585063667112762,1,107,1788688509.1572623
1788688563.759086,54.584000,gate_sweep_poor_low_r01,-0.024753819685429335,3.9894731044769287,5.004015207290649,64.18325052634442,-1.4852302074432373,3.1551461219787598,2.6332409381866455,58.230618594877974,2.9068304780238248,5.95263193146645,1,72,1788688509.1750705
1788688563.817711,54.616000,gate_sweep_poor_low_r01,0.005070647224783897,4.013789892196655,5.00748085975647,63.145305838053616,-1.4597645998001099,3.1583433151245117,2.6525542736053467,57.51441002332331,2.902276756843205,5.63089581473031,1,56,1788688509.2016888
1788688563.865037,54.652000,gate_sweep_poor_low_r01,0.02759632095694542,4.03246808052063,5.009546995162964,62.32649073582777,-1.4153639078140259,3.171130895614624,2.6628191471099854,56.985651583504286,2.886376198755793,5.340839152323483,1,65,1788688509.2130206
1788688563.923855,54.684000,gate_sweep_poor_low_r01,0.06531203538179398,4.064459562301636,5.012098550796509,60.90468146973946,-1.3612027168273926,3.2151947021484375,2.6551451683044434,56.510220175448545,2.8829541078904217,4.394461294290911,1,33,1788688509.239836
1788688563.969673,54.716000,gate_sweep_poor_low_r01,0.0955011397600174,4.090890169143677,5.013443231582642,59.73826858971793,-1.2926691770553589,3.267777919769287,2.663095235824585,56.02703890707692,2.8510816026065235,3.711229682641017,1,70,1788688509.2536519
1788688564.026932,54.748000,gate_sweep_poor_low_r01,0.12559553235769272,4.118086576461792,5.014224290847778,58.56288742002084,-1.244415521621704,3.2975094318389893,2.668914794921875,55.303755830122945,2.8373850232182565,3.2591315898979025,1,32,1788688509.278911
1788688564.076353,54.784000,gate_sweep_poor_low_r01,0.16297420114278793,4.153087377548218,5.01447606086731,57.109501201129824,-1.1923298835754395,3.323540210723877,2.701829433441162,54.50597775178155,2.8059458454121557,2.603523449348278,1,67,1788688509.2923338
1788688564.135361,54.816000,gate_sweep_poor_low_r01,0.192579485476017,4.181909799575806,5.014172792434692,55.97989495669528,-1.1544320583343506,3.3511877059936523,2.725238561630249,53.78381427891141,2.782761076497987,2.1960806777838733,1,30,1788688509.319339
1788688564.180896,54.848000,gate_sweep_poor_low_r01,0.21458052843809128,4.203928709030151,5.013697385787964,55.16352564914299,-1.1296703815460205,3.3421216011047363,2.737663507461548,52.95686951531281,2.7802971451903242,2.2066561338301827,1,64,1788688509.332856
1788688564.228716,54.880000,gate_sweep_poor_low_r01,0.2507287785410881,4.241389989852905,5.012555837631226,53.881482312250945,-1.1167501211166382,3.384136915206909,2.556567907333374,51.69332732698108,2.9388361793008886,2.18815498526987,1,35,1788688509.3486986
1788688564.283772,54.916000,gate_sweep_poor_low_r01,0.27907606214284897,4.271991491317749,5.01143479347229,52.94747270688257,-1.1151963472366333,3.384371519088745,2.5443270206451416,51.53683048735959,2.969593495648995,1.4106422195229864,1,22,1788688509.3677227
1788688564.342343,54.948000,gate_sweep_poor_low_r01,0.30685310810804367,4.303149938583374,5.010174512863159,52.108820107111086,-1.2633006572723389,2.8927834033966064,2.729727029800415,51.38610047856741,3.107242722015795,0.7227196285436847,1,16,1788688509.3943174
1788688564.383471,54.980000,gate_sweep_poor_low_r01,0.3339964374899864,4.334858655929565,5.008855104446411,51.38189462109781,-1.340815544128418,3.1864118576049805,2.6851515769958496,50.630768411519085,3.086020626282452,0.7511262095787232,1,60,1788688509.403453
1788688564.432828,55.012000,gate_sweep_poor_low_r01,0.3670131787657738,4.375265836715698,5.007100820541382,50.65345755309833,-1.3646711111068726,3.179173469543457,2.6693830490112305,49.97308056845019,3.1455193227712535,0.6803769846481349,1,41,1788688509.4208093
1788688564.485571,55.048000,gate_sweep_poor_low_r01,0.38618897646665573,4.400029420852661,5.006022691726685,50.32341235216218,-1.2396072149276733,2.8490285873413086,2.4920997619628906,48.57258291724482,3.371739215641891,1.7508294349173559,1,26,1788688509.437555
1788688564.533354,55.080000,gate_sweep_poor_low_r01,0.41112231463193893,4.433597803115845,5.00464940071106,50.020250430533665,-1.2423573732376099,2.839033365249634,2.485046148300171,48.50347938817688,3.4095500251887043,1.5167710423567828,1,19,1788688509.4533236
1788688564.593615,55.112000,gate_sweep_poor_low_r01,0.4412604495882988,4.476361036300659,5.003068208694458,49.869834142224455,-1.2450785636901855,2.829022169113159,2.4779937267303467,48.46085264615637,3.454484874842843,1.4089814960680909,1,13,1788688509.4815943
1788688564.633405,55.144000,gate_sweep_poor_low_r01,0.46440594643354416,4.5112144947052,5.001896619796753,49.9394945768442,-1.1810473203659058,2.633176565170288,2.497549295425415,48.13908018664236,3.5364245275530255,1.800414390201833,1,76,1788688509.4893847
1788688564.686435,55.180000,gate_sweep_poor_low_r01,0.48668163269758224,4.5465734004974365,5.000781297683716,50.18118963418756,-1.1604028940200806,2.510647773742676,2.4936232566833496,47.78068752101154,3.6254271525411053,2.4005021131760276,1,47,1788688509.5064144
1788688564.735743,55.212000,gate_sweep_poor_low_r01,0.5028303787112236,4.573413610458374,4.999975919723511,50.47375502800237,-1.3399192094802856,2.6113672256469727,2.319246768951416,48.742092363862966,3.798902583737933,1.7316626641394035,1,32,1788688509.5237124
1788688564.795801,55.244000,gate_sweep_poor_low_r01,0.5287433788180351,4.618752717971802,4.9987218379974365,51.16759250932414,-1.7535120248794556,2.89973783493042,2.4953174591064453,48.87525039568677,3.798780775469251,2.2923421136373663,1,23,1788688509.551782
1788688564.841442,55.276000,gate_sweep_poor_low_r01,0.5485365316271782,4.655529260635376,4.997752904891968,51.89724456602937,-2.0164549350738525,3.486060380935669,2.3936009407043457,49.24764702439307,3.8377657741734894,2.6495975416363033,1,89,1788688509.5654209
1788688564.893999,55.312000,gate_sweep_poor_low_r01,0.5674826428294182,4.692692041397095,4.996917486190796,52.772916455537974,-2.2962284088134766,3.7451789379119873,2.376873254776001,49.829659364139495,3.9954040900949654,2.943257091398479,1,59,1788688509.5819771
1788688564.951783,55.344000,gate_sweep_poor_low_r01,0.5899933502078056,4.739614248275757,4.9957921504974365,54.04733695525919,-2.449052572250366,3.990002393722534,2.3363261222839355,50.15365454391092,4.107368696199314,3.893682411348272,1,33,1788688509.607759
1788688564.999141,55.376000,gate_sweep_poor_low_r01,0.6071429178118706,4.777475595474243,4.994765043258667,55.190578630892226,-2.589400291442871,4.3363823890686035,2.2909765243530273,50.46433265611836,4.209860337390751,4.726245974773871,1,71,1788688509.6231198
1788688565.046795,55.408000,gate_sweep_poor_low_r01,0.6194857284426689,4.805994749069214,4.993812799453735,56.10889026864263,-2.715324640274048,4.553155899047852,2.24967098236084,50.94154072666049,4.326107024993551,5.167349541982145,1,40,1788688509.6387758
1788688565.105382,55.444000,gate_sweep_poor_low_r01,0.6391783282160759,4.853718996047974,4.9920289516448975,57.73261390636905,-2.771743059158325,4.774747848510742,2.240772008895874,51.80541270657427,4.3829254976574905,5.927201199794781,1,29,1788688509.6613648
1788688565.148855,55.476000,gate_sweep_poor_low_r01,0.6541355177760124,4.892017602920532,4.99043869972229,59.093466164878215,-2.8765451908111572,4.748554229736328,2.222503900527954,53.02523648336897,4.488624628772825,6.068229681509244,1,71,1788688509.672834
1788688565.206610,55.508000,gate_sweep_poor_low_r01,0.668479673564434,4.930413007736206,4.988695859909058,60.48536627747447,-2.721165180206299,4.870894908905029,2.192049741744995,54.38966104438715,4.394822425198202,6.095705233087316,1,37,1788688509.6985898
1788688565.251921,55.540000,gate_sweep_poor_low_r01,0.6856042668223381,4.978459596633911,4.986295461654663,62.23803569937885,-2.672377109527588,4.831640720367432,2.168612241744995,55.822816867044786,4.385992867538843,6.41521883233406,1,59,1788688509.711902
1788688565.303239,55.576000,gate_sweep_poor_low_r01,0.6987328454852104,5.016939401626587,4.984220743179321,63.62419016932532,-2.7653160095214844,4.725103378295898,2.0988683700561523,53.21243489356884,4.517749556081453,10.411755275756477,1,30,1788688509.727222
1788688565.363524,55.608000,gate_sweep_poor_low_r01,0.7082598730921745,5.045766115188599,4.982630491256714,64.64322335155286,-2.508009672164917,4.116552352905273,2.2232306003570557,52.44639142264192,4.338446238189663,12.196831928910935,1,19,1788688509.7555091
1788688565.405575,55.640000,gate_sweep_poor_low_r01,0.7207236215472221,5.084142446517944,4.980512380599976,65.95563261224768,-2.810065984725952,4.595734119415283,2.0140652656555176,55.94550325152911,4.637329665175013,10.010129360718572,1,48,1788688509.7655559
1788688565.463324,55.672000,gate_sweep_poor_low_r01,0.7358280345797539,5.13189959526062,4.977874040603638,67.50092536183827,-2.8125925064086914,4.5852580070495605,2.0075361728668213,56.14753789760164,4.659722353336295,11.353387464236626,1,23,1788688509.7913027
1788688565.507349,55.708000,gate_sweep_poor_low_r01,0.7475666329264641,5.169928789138794,4.975836992263794,68.64301061471522,-2.8151001930236816,4.574773788452148,2.0010085105895996,56.3400722757842,4.679359879614732,12.302938338931012,1,40,1788688509.7993307
1788688565.561114,55.740000,gate_sweep_poor_low_r01,0.7590658590197563,5.2077577114105225,4.973861455917358,69.68717300608373,-2.8175981044769287,4.564291000366211,1.9944785833358765,56.518130822255245,4.699286841365388,13.169042183828477,1,10,1788688509.8210974
1788688565.607484,55.772000,gate_sweep_poor_low_r01,0.7675585672259331,5.235994100570679,4.972433805465698,70.39815989748062,-2.8200912475585938,4.553807258605957,1.9879471063613892,56.67902033145246,4.716330240558202,13.719139566028156,1,30,1788688509.8354645
1788688565.662319,55.804000,gate_sweep_poor_low_r01,0.7815267965197563,5.282816171646118,4.970233201980591,71.4368759229756,-2.822577953338623,4.543323516845703,1.9814138412475586,56.824593837108274,4.740196367825716,14.612282085867328,1,16,1788688509.8583019
1788688565.706025,55.840000,gate_sweep_poor_low_r01,0.79257982224226,5.319994688034058,4.968581438064575,72.12733811355503,-2.825065851211548,4.532841682434082,1.9748772382736206,56.952001216858896,4.761221997421474,15.175336896696132,1,20,1788688509.8660076
1788688565.755731,55.872000,gate_sweep_poor_low_r01,0.8036283180117607,5.356905221939087,4.9670045375823975,72.68752594262227,-2.8275630474090576,4.522359371185303,1.9683384895324707,57.05442796221412,4.782678703095623,15.633097980408145,1,10,1788688509.8837137
1788688565.807109,55.904000,gate_sweep_poor_low_r01,0.8175574466586113,5.402728319168091,4.96511435508728,73.20672986107834,-2.8300669193267822,4.511871337890625,1.961799144744873,57.13913549800904,4.808190088702317,16.0675943630693,1,5,1788688509.903091
1788688565.856253,55.936000,gate_sweep_poor_low_r01,0.8288197442889214,5.439066171646118,4.963683843612671,73.48151346474754,-2.8325798511505127,4.501376628875732,1.9552605152130127,57.20345321362854,4.830705911040773,16.278060251118998,1,24,1788688509.9202342
1788688565.901796,55.972000,gate_sweep_poor_low_r01,0.8373669907450676,5.466109037399292,4.962683916091919,73.61038836780409,-2.8351004123687744,4.490871906280518,1.948724389076233,57.247692900992995,4.84995425950958,16.362695466811108,1,15,1788688509.929773
1788688565.949307,56.004000,gate_sweep_poor_low_r01,0.8518335744738579,5.510815382003784,4.961045026779175,73.69466643565441,-2.83762788772583,4.480359077453613,1.9421899318695068,57.27128844222459,4.877238169364493,16.423377993429828,1,10,1788688509.9452832
1788688565.995518,56.036000,gate_sweep_poor_low_r01,0.8636133000254631,5.5462281703948975,4.959735631942749,73.66168969528803,-2.8401622772216797,4.469838619232178,1.9356577396392822,57.27802653477803,4.9011850700808335,16.383663160509997,1,5,1788688509.9594953
1788688566.047500,56.068000,gate_sweep_poor_low_r01,0.8756387755274773,5.58136773109436,4.958420515060425,73.56450618217526,-2.8426966667175293,4.459305763244629,1.929129958152771,57.27111594669124,4.92561090616383,16.293390235484026,1,2,1788688509.9794772
1788688566.101424,56.104000,gate_sweep_poor_low_r01,0.8910342380404472,5.624966382980347,4.9566967487335205,73.38627563991413,-2.845236301422119,4.448763370513916,1.9226058721542358,57.25339109898741,4.954682484068243,16.132884540926728,1,1,1788688509.9974036
1788688566.149298,56.136000,gate_sweep_poor_low_r01,0.9035996124148369,5.659591436386108,4.955327272415161,73.23213693775688,-2.847766160964966,4.438210487365723,1.91608726978302,57.22770703243641,4.980110077288935,16.00442990532046,1,1,1788688510.0132804
1788688566.197276,56.168000,gate_sweep_poor_low_r01,0.9131160899996758,5.685464143753052,4.954403638839722,73.12981560467222,-2.850278377532959,4.427657127380371,1.9095700979232788,57.200640043473065,5.001622506805302,15.929175561199157,1,0,1788688510.0292575
1788688566.250957,56.200000,gate_sweep_poor_low_r01,0.9291176125407219,5.728368043899536,4.953069448471069,73.01963106929163,-2.8527684211730957,4.417094707489014,1.9030578136444092,57.17629443455602,5.0323623386396585,15.843336634735612,1,0,1788688510.0509386
1788688566.299008,56.236000,gate_sweep_poor_low_r01,0.9419906660914421,5.762489080429077,4.952173948287964,73.01412724111107,-2.8552215099334717,4.406522750854492,1.896551489830017,57.160148655119684,5.059080312203436,15.853978585991385,1,5,1788688510.0629869
1788688566.346665,56.268000,gate_sweep_poor_low_r01,0.9548396989703178,5.7965028285980225,4.951441049575806,73.10565881683502,-2.857633352279663,4.395948886871338,1.8900483846664429,57.157015786779944,5.086121032668643,15.948643030055075,1,3,1788688510.0786343
1788688566.393691,56.300000,gate_sweep_poor_low_r01,0.9675762578845024,5.830455541610718,4.951008081436157,73.31227738273122,-2.860006809234619,4.385370254516602,1.8835488557815552,57.16838279132069,5.1135085532075175,16.143894591410536,1,1,1788688510.0936704
1788688566.446232,56.332000,gate_sweep_poor_low_r01,0.983274333178997,5.872865915298462,4.950835466384888,73.74995712573838,-2.862330913543701,4.374786853790283,1.877053141593933,57.200202263135125,5.145974967714831,16.54975486260324,1,1,1788688510.1142101
1788688566.491992,56.368000,gate_sweep_poor_low_r01,0.992535226047039,5.898258924484253,4.950930833816528,74.1139790013537,-2.864609479904175,4.364206314086914,1.8705580234527588,57.25030267854932,5.169098504085867,16.86367632280438,1,1,1788688510.1239722
1788688566.537163,56.400000,gate_sweep_poor_low_r01,1.0046778842806816,5.932076692581177,4.951278924942017,74.72034614415617,-2.866830825805664,4.353636741638184,1.8640596866607666,57.324616768915014,5.19720838491408,17.39572937524115,1,0,1788688510.137148
1788688566.594878,56.432000,gate_sweep_poor_low_r01,1.0222514793276787,5.98273777961731,4.952205419540405,75.88109926522125,-2.8689913749694824,4.343081474304199,1.8575572967529297,57.424748937103566,5.235178197019066,18.45635032811769,1,0,1788688510.1628551
1788688566.638781,56.464000,gate_sweep_poor_low_r01,1.0306545421481133,6.0079567432403564,4.9528210163116455,76.57058456326236,-2.8710999488830566,4.3325347900390625,1.8510510921478271,57.54358699723449,5.2584887079842595,19.026997566027866,1,41,1788688510.174762
1788688566.687258,56.500000,gate_sweep_poor_low_r01,1.0414129421114922,6.041445970535278,4.953739881515503,77.59344501224717,-2.873157024383545,4.3219990730285645,1.8445396423339844,57.68334703089721,5.286537787934257,19.910097981349963,1,19,1788688510.1872375
1788688566.742621,56.532000,gate_sweep_poor_low_r01,1.0491174384951591,6.066393613815308,4.9544947147369385,78.43011219172924,-2.8751564025878906,4.311477184295654,1.8380213975906372,57.846980518631504,5.309619834874394,20.58313167309773,1,11,1788688510.2106032
1788688566.782931,56.564000,gate_sweep_poor_low_r01,1.0613175556063652,6.107648134231567,4.955883264541626,79.94444894465877,-2.877105951309204,4.300959587097168,1.8314989805221558,58.02543045396693,5.342010892950293,21.919018490691847,1,45,1788688510.218914
1788688566.837171,56.596000,gate_sweep_poor_low_r01,1.0704592391848564,6.140265703201294,4.957045793533325,81.24315031814618,-2.8790040016174316,4.290448188781738,1.824972152709961,58.21916738122344,5.369354711568456,23.023982936922735,1,20,1788688510.2411444
1788688566.881297,56.632000,gate_sweep_poor_low_r01,1.0790319368243217,6.172451734542847,4.9582226276397705,82.60284544187749,-3.0857186317443848,4.02725887298584,1.8141376972198486,58.4843612257144,5.642009372675851,24.11848421616309,1,55,1788688510.2492762
1788688566.934942,56.664000,gate_sweep_poor_low_r01,1.0890078470110893,6.212022542953491,4.959651708602905,84.35849836418046,-2.930076837539673,4.147017478942871,1.7598042488098145,61.83366903178752,5.53681419066274,22.52482933239295,1,29,1788688510.2709205
1788688566.982593,56.696000,gate_sweep_poor_low_r01,1.0964586660265923,6.243155241012573,4.9607298374176025,85.78589668356777,-2.9313371181488037,4.136425971984863,1.7532756328582764,62.05697874689447,5.563201377475421,23.728917936673295,1,52,1788688510.2865756
1788688567.034468,56.728000,gate_sweep_poor_low_r01,1.1017355844378471,6.266133069992065,4.961498498916626,86.85669212678167,-3.0582900047302246,4.214478492736816,1.7626627683639526,61.45870214795563,5.634505252279568,25.397989978826047,1,19,1788688510.306442
1788688567.079189,56.764000,gate_sweep_poor_low_r01,1.10994803160429,6.30372166633606,4.962704420089722,88.62166132358445,-2.9571285247802734,3.91009259223938,1.6223644018173218,63.72040166012112,5.781733589290145,24.901259663463318,1,43,1788688510.3151686
1788688567.132082,56.796000,gate_sweep_poor_low_r01,1.1159982606768608,6.333064317703247,4.963666677474976,89.99530699375816,-2.9575014114379883,3.899400234222412,1.6158442497253418,63.944392909370755,5.807239917352119,26.05091408438741,1,23,1788688510.3360536
1788688567.175276,56.828000,gate_sweep_poor_low_r01,1.121637336909771,6.361764669418335,4.964617967605591,91.31945906900587,-2.7650880813598633,3.985598087310791,1.6802175045013428,64.08772811626831,5.616056312483638,27.231730952737554,1,46,1788688510.3472574
1788688567.227044,56.860000,gate_sweep_poor_low_r01,1.1282217428088188,6.3966357707977295,4.965808629989624,92.88305692908988,-2.7236487865448,4.031054973602295,1.6903935670852661,64.39314688168851,5.582223832601437,28.489910047401366,1,25,1788688510.3670254
1788688567.268578,56.896000,gate_sweep_poor_low_r01,1.1331326887011528,6.423687219619751,4.9668190479278564,94.04915901398408,-2.96690034866333,3.6801888942718506,1.478198528289795,68.35733469649266,6.042145901805641,25.69182431749142,1,41,1788688510.3725553
1788688567.323622,56.928000,gate_sweep_poor_low_r01,1.1366441175341606,6.443434476852417,4.967600107192993,94.86741879645702,-2.9664695262908936,3.669466733932495,1.4716814756393433,68.54303859993207,6.062333353697032,26.32438019652494,1,17,1788688510.395603
1788688567.364595,56.960000,gate_sweep_poor_low_r01,1.1411399766802788,6.469173192977905,4.968674898147583,95.87814777517868,-2.9660284519195557,3.658729076385498,1.4651668071746826,68.71536770607966,6.086213730792625,27.162780069099004,1,34,1788688510.404577
1788688567.426238,56.992000,gate_sweep_poor_low_r01,1.1465058252215385,6.500116586685181,4.970030069351196,97.01005086654597,-2.965585470199585,3.647976875305176,1.458653450012207,68.87066091233919,6.113408338885069,28.139389954206777,1,8,1788688510.4342186
1788688567.462557,57.028000,gate_sweep_poor_low_r01,1.1506369039416313,6.523860692977905,4.971110582351685,97.80619126704165,-2.965137481689453,3.6372132301330566,1.4521416425704956,69.01274430340351,6.136405687966717,28.79344696363815,1,49,1788688510.434539
1788688567.518525,57.060000,gate_sweep_poor_low_r01,1.1545948907732964,6.546722650527954,4.972132444381714,98.5080190629007,-2.9646944999694824,3.626439332962036,1.4456299543380737,69.13684999519381,6.158962538595588,29.37116906770688,1,19,1788688510.458507
1788688567.557488,57.092000,gate_sweep_poor_low_r01,1.1574637815356255,6.563286066055298,4.972851037979126,98.97201110474747,-2.9642553329467773,3.6156535148620605,1.4391193389892578,69.24312424848473,6.1777314473833655,29.72888685626273,1,31,1788688510.46547
1788688567.606714,57.124000,gate_sweep_poor_low_r01,1.162119023501873,6.589808702468872,4.973978757858276,99.63752578083407,-2.9638185501098633,3.6048576831817627,1.4326095581054688,69.33628484529362,6.202788829054404,30.301240935540456,1,10,1788688510.4826956
1788688567.661505,57.160000,gate_sweep_poor_low_r01,1.1657442972064018,6.609977960586548,4.9748547077178955,100.07272349021314,-2.9633889198303223,3.5940616130828857,1.4260975122451782,69.41485366415849,6.224079865457646,30.65786982605464,1,6,1788688510.5014777
1788688567.706172,57.192000,gate_sweep_poor_low_r01,1.1692205592989922,6.6292431354522705,4.975744962692261,100.43546717316038,-2.962970733642578,3.5832574367523193,1.4195847511291504,69.47610762989022,6.244942690565811,30.959359543270157,1,11,1788688510.5141513
1788688567.755334,57.224000,gate_sweep_poor_low_r01,1.1734124347567558,6.652203321456909,4.976889371871948,100.78995856617547,-2.962557554244995,3.572444200515747,1.4130735397338867,69.52693040529411,6.26832890636263,31.263028160881365,1,9,1788688510.5313156
1788688567.800914,57.256000,gate_sweep_poor_low_r01,1.176634781062603,6.669591665267944,4.977796316146851,101.01418982436473,-2.962153911590576,3.561627149581909,1.406561017036438,69.56666025445199,6.288301585866376,31.447529569912746,1,5,1788688510.5448947
1788688567.848601,57.292000,gate_sweep_poor_low_r01,1.1789895221590996,6.6820313930511475,4.978485345840454,101.14989448468704,-2.9617559909820557,3.550806760787964,1.400048017501831,69.5966642777603,6.30520061656547,31.55323020692674,1,5,1788688510.5565767
1788688567.897056,57.324000,gate_sweep_poor_low_r01,1.1828164979815483,6.701680421829224,4.9796717166900635,101.33029661892027,-2.96136212348938,3.539980888366699,1.393535852432251,69.61867207953198,6.327000144102255,31.711624539388293,1,3,1788688510.5730371
1788688567.943284,57.356000,gate_sweep_poor_low_r01,1.1858255788683891,6.716393232345581,4.9806482791900635,101.4432237868855,-2.9609737396240234,3.529149055480957,1.3870245218276978,69.63444616127859,6.345754623390807,31.808777625606904,1,2,1788688510.5872629
1788688567.997881,57.388000,gate_sweep_poor_low_r01,1.1887198612093925,6.730268239974976,4.981593370437622,101.53949413554206,-2.9605889320373535,3.5183169841766357,1.3805127143859863,69.64531330919525,6.364053442793247,31.894180826346822,1,1,1788688510.6098492
1788688568.039651,57.424000,gate_sweep_poor_low_r01,1.192185990512371,6.746497869491577,4.982696771621704,101.64620226523412,-2.960209369659424,3.5074822902679443,1.3740006685256958,69.65308628544032,6.384065845065351,31.993115979793796,1,28,1788688510.6156325
1788688568.085347,57.456000,gate_sweep_poor_low_r01,1.1948401853442192,6.75861382484436,4.9835827350616455,101.73136261125974,-2.9598312377929688,3.496647834777832,1.3674882650375366,69.65926054682483,6.4013948457131145,32.072102064434915,1,15,1788688510.6293302
1788688568.133932,57.488000,gate_sweep_poor_low_r01,1.1967677995562553,6.767225027084351,4.984242677688599,101.79840187985063,-2.9594533443450928,3.485814094543457,1.3609755039215088,69.66503167423629,6.416377242471773,32.13337020561434,1,13,1788688510.6459143
1788688568.177616,57.520000,gate_sweep_poor_low_r01,1.1998462602496147,6.78062891960144,4.985362768173218,101.92415879370598,-2.959073781967163,3.4749820232391357,1.354462742805481,69.67205392264768,6.434854490600201,32.252104871058314,1,9,1788688510.6575904
1788688568.224029,57.556000,gate_sweep_poor_low_r01,1.2022219821810722,6.790467023849487,4.986224889755249,102.04164776576121,-2.958691120147705,3.464151620864868,1.3479498624801636,69.68125799241714,6.450939247842716,32.36038977334407,1,6,1788688510.6680105
1788688568.271532,57.588000,gate_sweep_poor_low_r01,1.204497568309307,6.799601316452026,4.9870240688323975,102.17883555471676,-2.9583067893981934,3.4533193111419678,1.341437816619873,69.69232354775461,6.466594351119562,32.486512006962144,1,6,1788688510.6835148
1788688568.314869,57.620000,gate_sweep_poor_low_r01,1.206648699939251,6.80805230140686,4.9877541065216064,102.33636265340611,-2.957918405532837,3.4424896240234375,1.334925651550293,69.70679995966428,6.481804303804964,32.62956269374184,1,5,1788688510.6948435
1788688568.359228,57.652000,gate_sweep_poor_low_r01,1.2091802284121513,6.817582368850708,4.988591432571411,102.56195363326825,-2.9575231075286865,3.4316649436950684,1.3284122943878174,69.7247272945973,6.497904648677718,32.83722633867095,1,5,1788688510.7072067
1788688568.408523,57.688000,gate_sweep_poor_low_r01,1.21064542979002,6.822728872299194,4.989018201828003,102.71276011365362,-2.957120895385742,3.4208474159240723,1.3218975067138672,69.74622473199726,6.510825429777117,32.96653538165636,1,5,1788688510.7204993
1788688568.453806,57.720000,gate_sweep_poor_low_r01,1.2125565931200981,6.828974008560181,4.989568471908569,102.926736287809,-2.956709623336792,3.4100356101989746,1.3153815269470215,69.77130548274985,6.524689284709527,33.155430805059154,1,4,1788688510.7337925
1788688568.507968,57.752000,gate_sweep_poor_low_r01,1.2143628522753716,6.834558725357056,4.989968538284302,103.15804037646157,-2.9562952518463135,3.399228811264038,1.3088631629943848,69.79972218266074,6.538074443146587,33.35831819380083,1,4,1788688510.7559469
1788688568.557532,57.784000,gate_sweep_poor_low_r01,1.2164707109332085,6.840543031692505,4.990254640579224,103.45399250615351,-2.9558770656585693,3.3884270191192627,1.3023430109024048,69.83018266511431,6.551815253912496,33.623809841039204,1,4,1788688510.7735121
1788688568.613351,57.820000,gate_sweep_poor_low_r01,1.2180362865328789,6.844515562057495,4.9903404712677,103.69513932357219,-2.955455780029297,3.377634286880493,1.2958192825317383,69.8623398907593,6.564052758764918,33.83279943281289,1,2,1788688510.7933323
1788688568.654581,57.852000,gate_sweep_poor_low_r01,1.2191651985049248,6.847008466720581,4.990295648574829,103.87316987147814,-2.955037832260132,3.3668508529663086,1.289289951324463,69.89509740319328,6.575173847868943,33.978072468284864,1,32,1788688510.8025649
1788688568.704322,57.884000,gate_sweep_poor_low_r01,1.2209690734744072,6.850257158279419,4.9899914264678955,104.15780056801191,-2.9546241760253906,3.3560726642608643,1.2827564477920532,69.92695377800072,6.586994417078676,34.23084679001118,1,11,1788688510.8203008
1788688568.749981,57.916000,gate_sweep_poor_low_r01,1.2223964855074883,6.852010011672974,4.989531755447388,104.36945972651202,2.6900129318237305,6.849911689758301,1.0773900747299194,74.31864100248208,4.178367500167939,30.05081872402993,1,5,1788688510.8339624
1788688568.796842,57.952000,gate_sweep_poor_low_r01,1.2238122150301933,6.853065252304077,4.9888951778411865,104.56386665387122,2.8591220378875732,6.603919982910156,1.1154839992523193,74.14806472573014,4.2118435085378465,30.415801928141086,1,3,1788688510.8448257
1788688568.844123,57.984000,gate_sweep_poor_low_r01,1.2256342098116875,6.85343337059021,4.987793207168579,104.77618783544578,3.102257013320923,6.24218225479126,1.1682912111282349,73.8998515307619,4.299294892301817,30.876336304683885,1,1,1788688510.8601036
1788688568.892549,58.016000,gate_sweep_poor_low_r01,1.2272121831774712,6.8529956340789795,4.986557722091675,104.92040329746617,3.4272983074188232,5.741389751434326,1.2393229007720947,73.5634609501568,4.485288775376622,31.356942347309374,1,1,1788688510.8765295
1788688568.950456,58.048000,gate_sweep_poor_low_r01,1.2294419929385185,6.8514649868011475,4.984729051589966,105.06853369365795,3.427298069000244,5.741390705108643,1.2393230199813843,73.56345919624081,4.482287650694288,31.505074497417137,1,1,1788688510.9024372
1788688568.990901,58.084000,gate_sweep_poor_low_r01,1.2309933826327324,6.850003957748413,4.983538866043091,105.1467801285094,12.941917419433594,3.262063980102539,2.6194236278533936,101.33918801796646,12.474297412614082,3.8075921105429518,1,14,1788688510.9068806
1788688569.041178,58.116000,gate_sweep_poor_low_r01,1.233237735927105,6.8474814891815186,4.9819605350494385,105.24856672649886,12.83402156829834,0.3573439121246338,2.5956015586853027,101.28986150953375,13.505361174681903,3.9587052169651145,1,3,1788688510.92516
1788688569.087640,58.148000,gate_sweep_poor_low_r01,1.2356691285967827,6.844313859939575,4.98030161857605,105.36243257235236,13.141310691833496,-0.6016117334365845,2.5846800804138184,100.63719638420442,14.24517853620903,4.7252361881479406,1,2,1788688510.9396207
1788688569.135331,58.180000,gate_sweep_poor_low_r01,1.2389274761080742,6.839566946029663,4.978181600570679,105.5643408952747,13.419783592224121,-1.574837565422058,2.561408042907715,100.00653268922666,15.000541771312118,5.557808206048044,1,1,1788688510.9553118
1788688569.182706,58.216000,gate_sweep_poor_low_r01,1.2416660711169243,6.8351709842681885,4.976514101028442,105.81663940578996,13.712468147277832,-2.719555377960205,2.5131962299346924,99.2956501078548,15.902252520127181,6.5209892979351585,1,1,1788688510.9666886
1788688569.233542,58.248000,gate_sweep_poor_low_r01,1.2437603399157524,6.831570863723755,4.975395917892456,106.08527172172272,13.712470054626465,-2.7195558547973633,2.513195514678955,99.2956643876863,15.898275830056352,6.789607334036429,1,1,1788688510.9855247
1788688569.279151,58.280000,gate_sweep_poor_low_r01,1.2464578077197075,6.826522588729858,4.9742090702056885,106.58287396137986,13.712471008300781,-2.7195565700531006,2.513195037841797,99.29565215581165,15.892945054026454,7.287221805568215,1,0,1788688510.9991324
1788688569.332212,58.312000,gate_sweep_poor_low_r01,1.2496203109622002,6.819871664047241,4.9735167026519775,107.50251899827377,13.712471961975098,-2.719557285308838,2.5131945610046387,99.29565250062318,15.886363995441117,8.2068664976506,1,0,1788688511.0201871
1788688569.373326,58.348000,gate_sweep_poor_low_r01,1.251909725368023,6.8144519329071045,4.973403215408325,108.51889195232204,12.524323463439941,-2.2606496810913086,2.793668270111084,95.89719412561888,14.634754019744204,12.621697826703151,1,27,1788688511.025308
1788688569.423557,58.380000,gate_sweep_poor_low_r01,1.2538852617144585,6.809107065200806,4.973081350326538,109.82056629502937,15.268035888671875,-0.7137408256530762,2.9570627212524414,102.81176574000101,16.03290333335636,7.008800555028366,1,12,1788688511.0435362
1788688569.479991,58.412000,gate_sweep_poor_low_r01,1.2550895139575005,6.8051841259002686,4.9724156856536865,110.9916399932673,20.25497817993164,3.350710868835449,3.589589834213257,120.44836152886519,19.360820285788527,9.456721535597898,1,9,1788688511.06797
1788688569.524583,58.444000,gate_sweep_poor_low_r01,1.256420485675335,6.798888921737671,4.969861745834351,113.31303073264147,26.988590240478516,-17.19649887084961,22.147871017456055,113.01028937232462,39.153635822776096,0.30274136031683946,1,53,1788688511.0805647
1788688569.574493,58.480000,gate_sweep_poor_low_r01,1.2567675039172173,6.7941224575042725,4.9663245677948,115.49317500530763,-79.90757751464844,-44.25894546508789,5.620973587036133,60.7216740957855,95.88793048105671,54.77150090952213,1,16,1788688511.094476
1788688569.634964,58.512000,gate_sweep_poor_low_r01,1.2564258500933647,6.789645433425903,4.961642503738403,117.95190383567683,-79.42271423339844,-14.218889236450195,26.088417053222656,34.85692182755644,86.00478345099077,83.0949820081204,1,9,1788688511.1229372
1788688569.674621,58.544000,gate_sweep_poor_low_r01,1.254882924258709,6.7844555377960205,4.954150438308716,121.406908818996,284.21575927734375,-258.3422546386719,69.01142883300781,156.38846669239493,393.0170033355283,34.98155787339893,1,63,1788688511.1306016
1788688569.736782,58.576000,gate_sweep_poor_low_r01,1.2526301071047783,6.78075909614563,4.9469287395477295,124.46451415602601,284.2156982421875,-258.34222412109375,69.01143646240234,156.38846723309004,393.017245560802,31.923953077064027,1,7,1788688511.1607635
1788688569.777816,58.612000,gate_sweep_poor_low_r01,1.2502765581011772,6.7782604694366455,4.940897226333618,126.91832051372224,284.6776123046875,-258.1492919921875,68.36249542236328,156.74727404740736,393.11571047142525,29.828953533685127,1,63,1788688511.165797
1788688569.828047,58.644000,gate_sweep_poor_low_r01,1.2449775859713554,6.774634599685669,4.930476903915405,131.2696686204149,285.2281799316406,-258.0600280761719,67.55504608154297,157.084243186008,393.32644766633734,25.814574565593094,1,38,1788688511.1840296
1788688569.891142,58.676000,gate_sweep_poor_low_r01,1.239324800670147,6.772202253341675,4.922677755355835,134.94213246938105,285.5215759277344,-257.9062194824219,67.07005310058594,157.44537423272632,393.3616167100024,22.503241763345272,1,27,1788688511.2151194
1788688569.936076,58.708000,gate_sweep_poor_low_r01,1.2323067113757133,6.770186185836792,4.916175603866577,138.7284976020774,286.8041687011719,-260.6653137207031,70.16012573242188,157.80792767377838,396.6482169365665,19.07943007170097,1,81,1788688511.2280543
1788688569.991291,58.744000,gate_sweep_poor_low_r01,1.2215379402041435,6.768322706222534,4.91039776802063,143.5312614181105,336.1133117675781,-301.3483581542969,48.23801803588867,158.20467278434222,457.1276319364481,14.673411366231742,1,76,1788688511.247265
1788688570.041348,58.776000,gate_sweep_poor_low_r01,1.2113939449191093,6.76741623878479,4.9074952602386475,147.34743798109707,365.65679931640625,-327.73028564453125,35.01777648925781,159.70772494576582,495.59640343458705,12.360286964668752,1,72,1788688511.2653286
1788688570.092059,58.808000,gate_sweep_poor_low_r01,1.2029797956347466,6.76713490486145,4.906252145767212,150.1497518159939,398.3074645996094,-352.2554016113281,19.470260620117188,163.0789196331405,535.5382936082067,12.929167817146581,1,69,1788688511.2840378
1788688570.146337,58.840000,gate_sweep_poor_low_r01,1.1874867603182793,6.767585039138794,4.9057700634002686,154.61745049494692,430.9217224121094,-373.7593688964844,3.1707534790039062,166.99117532819523,573.9993782621207,12.373724833248293,1,98,1788688511.3063135
1788688570.195281,58.876000,gate_sweep_poor_low_r01,1.1738923713564873,6.768878698348999,4.906779050827026,157.93905830302944,452.4449768066406,-398.8267517089844,-5.427713394165039,159.8955339198007,606.8444683664959,1.9564756167712412,1,89,1788688511.319265
1788688570.246328,58.908000,gate_sweep_poor_low_r01,1.1594184562563896,6.77109694480896,4.9088356494903564,160.9853091678375,469.0205993652344,-422.4509582519531,-10.805347442626953,154.22818802584789,635.1162041856028,6.7571211419896064,1,114,1788688511.3383064
1788688570.301213,58.940000,gate_sweep_poor_low_r01,1.144299142062664,6.774330377578735,4.9113194942474365,163.72354191111168,483.4146728515625,-448.2384338378906,-14.769243240356445,147.48229900814843,663.3314808649244,16.241242902963272,1,205,1788688511.3611898
1788688570.349608,58.972000,gate_sweep_poor_low_r01,1.124635212123394,6.779852628707886,4.914098024368286,166.68680943028667,492.2519836425781,-471.85406494140625,-15.253042221069336,141.47361894259174,686.0781391142872,25.213190487694934,1,246,1788688511.377592
1788688570.400022,59.008000,gate_sweep_poor_low_r01,1.1043271943926811,6.787194013595581,4.915633916854858,169.12711775056317,498.58111572265625,-495.51776123046875,-13.432967185974121,136.44101236920693,707.1987658003702,32.686105381356235,1,288,1788688511.392008
1788688570.442553,59.040000,gate_sweep_poor_low_r01,1.0960653945803642,6.790674448013306,4.915770769119263,169.95875806847124,502.4192199707031,-514.9661254882812,-10.778373718261719,133.20863832085172,723.7412312181118,36.75011974761952,1,282,1788688511.4025338
1788688570.499996,59.072000,gate_sweep_poor_low_r01,1.079369656741619,6.7985312938690186,4.915172815322876,171.3851482829378,506.32293701171875,-532.5205078125,-7.860031604766846,131.5694348295803,739.1206221884055,39.815713453357496,1,280,1788688511.4279673
1788688570.551901,59.104000,gate_sweep_poor_low_r01,1.0582996532320976,6.810176610946655,4.912905931472778,172.7352818158272,511.26177978515625,-547.05859375,-3.6576457023620605,132.24543481386877,753.0947219806961,40.48984700195842,1,301,1788688511.4478745
1788688570.592499,59.140000,gate_sweep_poor_low_r01,1.0413714572787285,6.821016550064087,4.9100563526153564,173.48297962433963,515.1224975585938,-555.4766235351562,0.2018585205078125,132.77592240581293,761.8925169509347,40.70705721852671,1,302,1788688511.4524746
1788688570.647710,59.172000,gate_sweep_poor_low_r01,1.0286966487765312,6.830053091049194,4.907397508621216,173.85648738001387,516.656494140625,-558.9151000976562,2.177856922149658,133.07691928678574,765.4717854334148,40.77956809322814,1,156,1788688511.475694
1788688570.691106,59.204000,gate_sweep_poor_low_r01,1.0076398774981499,6.846811056137085,4.90222430229187,174.13087937797843,517.68701171875,-561.1621704101562,3.2997562885284424,133.36772865781262,767.8504699590811,40.76315072016582,1,300,1788688511.487077
1788688570.736946,59.236000,gate_sweep_poor_low_r01,0.9908749982714653,6.8617942333221436,4.8975913524627686,174.0469865518155,517.970703125,-561.8134155273438,3.67331862449646,133.61395816417195,768.5448169950739,40.43302838764355,1,158,1788688511.5009265
1788688570.792165,59.272000,gate_sweep_poor_low_r01,0.9742321893572807,6.878112077713013,4.892668962478638,173.70104461386356,517.8972778320312,-561.6085205078125,3.704847574234009,134.17986957586442,768.3670330412274,39.52117503799913,1,128,1788688511.5201464
1788688570.835970,59.304000,gate_sweep_poor_low_r01,0.9536624476313591,6.900238752365112,4.886193037033081,172.90555930001582,520.0057983398438,-559.221923828125,11.707343101501465,134.41056892830298,768.0859006825217,38.49499037171286,1,285,1788688511.531951
1788688570.893541,59.336000,gate_sweep_poor_low_r01,0.9373513981699944,6.919137239456177,4.881036996841431,171.9942850867769,514.0337524414062,-559.2958984375,10.087357521057129,134.30289689841635,764.1298902435234,37.691388188360555,1,112,1788688511.5575259
1788688570.936614,59.368000,gate_sweep_poor_low_r01,0.925190381705761,6.933983564376831,4.8774254322052,171.16410797263566,514.042724609375,-559.3294067382812,10.060616493225098,134.60449473195874,764.1797541145138,36.55961324067691,1,266,1788688511.5685956
1788688570.993795,59.404000,gate_sweep_poor_low_r01,0.9050021693110466,6.959907293319702,4.872483968734741,169.5359663971981,514.1365356445312,-559.5000610351562,10.112788200378418,135.94658043880406,764.4023570479517,33.589385958394054,1,147,1788688511.589779
1788688571.038011,59.436000,gate_sweep_poor_low_r01,0.8889003917574883,6.981686353683472,4.870235204696655,168.04270427453312,514.1502075195312,-559.5496215820312,10.151556015014648,137.18909918503033,764.4754964126477,30.85360508950279,1,266,1788688511.6019914
1788688571.086262,59.468000,gate_sweep_poor_low_r01,0.8727759048342705,7.004352331161499,4.8702404499053955,166.41323677885438,514.170166015625,-559.5787963867188,10.189469337463379,138.63940777905987,764.538402764423,27.773828999794514,1,178,1788688511.6182423
1788688571.141172,59.500000,gate_sweep_poor_low_r01,0.8525400087237358,7.033767938613892,4.873647451400757,164.22910323612624,514.218994140625,-559.6126098632812,10.213444709777832,140.50934099532554,764.6317722529781,23.71976224080069,1,112,1788688511.6411486
1788688571.192444,59.536000,gate_sweep_poor_low_r01,0.8362820073962212,7.058023691177368,4.878504037857056,162.390212437272,514.4051513671875,-559.8155517578125,10.29599380493164,143.07260061528922,764.9365877726025,19.31761182198277,1,277,1788688511.6564248
1788688571.230676,59.568000,gate_sweep_poor_low_r01,0.8240848705172539,7.076491117477417,4.8829004764556885,160.98799049069004,514.5254516601562,-560.0665283203125,10.369969367980957,145.4634582632639,765.2257226881339,15.524532227426155,1,169,1788688511.6626573
1788688571.293515,59.600000,gate_sweep_poor_low_r01,0.8078052327036858,7.101187467575073,4.888969659805298,159.1582333474087,514.5919189453125,-560.184814453125,10.289739608764648,148.10615379202147,765.3866289625558,11.052079555387213,1,87,1788688511.6934981
1788688571.344780,59.632000,gate_sweep_poor_low_r01,0.7875321432948112,7.131966829299927,4.896620512008667,157.0128414242973,514.6085205078125,-560.3046264648438,10.182757377624512,150.0494587009147,765.5222000282652,6.963382723382597,1,56,1788688511.7127643
1788688571.391775,59.668000,gate_sweep_poor_low_r01,0.7714135572314262,7.156224489212036,4.902576208114624,155.4555388121703,514.675048828125,-560.4865112304688,10.197543144226074,152.13519094095926,765.7305390506621,3.3203478712110193,1,30,1788688511.7237492
1788688571.445481,59.700000,gate_sweep_poor_low_r01,0.7554685994982719,7.1798999309539795,4.908239126205444,154.0644672627869,514.7293701171875,-560.6423950195312,10.247376441955566,153.63016738699338,765.911115255176,0.4342998757935424,1,22,1788688511.7454631
1788688571.504702,59.732000,gate_sweep_poor_low_r01,0.7436701580882072,7.197190999984741,4.912329435348511,153.1373031512073,514.7581787109375,-560.8545532226562,10.297101974487305,154.04731755079573,766.1088009496498,0.9100143995884263,1,14,1788688511.7726836
1788688571.558094,59.764000,gate_sweep_poor_low_r01,0.724298469722271,7.224957227706909,4.918817758560181,151.8119058637998,514.0794067382812,-561.0419311523438,9.773835182189941,154.0686573693111,765.8226262058027,2.256751505511295,1,73,1788688511.7940714
1788688571.603955,59.800000,gate_sweep_poor_low_r01,0.7090707942843437,7.246037244796753,4.9236743450164795,150.94118784079222,513.8910522460938,-561.0602416992188,9.888890266418457,154.9721200560783,765.7365252769026,4.030932215286097,1,48,1788688511.8039362
1788688571.654102,59.832000,gate_sweep_poor_low_r01,0.6940609738230705,7.265970945358276,4.9282166957855225,150.2218972835497,513.843994140625,-561.5543823242188,10.107125282287598,154.7780514249893,766.0980807292021,4.556154141439552,1,25,1788688511.8220847
1788688571.711349,59.864000,gate_sweep_poor_low_r01,0.6755118295550346,7.289332628250122,4.933561086654663,149.50035502985244,513.618408203125,-562.4945068359375,10.62950325012207,153.53786313210085,766.678865243974,4.037508102248393,1,20,1788688511.8473272
1788688571.757713,59.896000,gate_sweep_poor_low_r01,0.6608705446124077,7.3066322803497314,4.9374048709869385,149.0288600534203,512.840576171875,-564.1183471679688,11.156916618347168,155.54572854488185,767.3937974210608,6.516868491461583,1,56,1788688511.8616948
1788688571.805583,59.932000,gate_sweep_poor_low_r01,0.6499672457575798,7.318809270858765,4.94004225730896,148.71694436157497,499.5968933105469,-552.0314331054688,17.664905548095703,159.9926345325593,749.6550212075738,11.275690170984321,1,14,1788688511.873566
1788688571.857845,59.964000,gate_sweep_poor_low_r01,0.6319398805499077,7.337763547897339,4.944017171859741,148.2449463778579,500.0216064453125,-552.0438842773438,17.40735626220703,161.92518063006244,749.9688005621487,13.68023425220455,1,8,1788688511.893824
1788688571.903360,59.996000,gate_sweep_poor_low_r01,0.6177017018198967,7.351773023605347,4.946775674819946,147.87296825268552,501.5443420410156,-559.4647216796875,18.658376693725586,162.3905223151375,756.5688638000797,14.517554062451982,1,47,1788688511.9073405
1788688571.950858,60.028000,gate_sweep_poor_low_r01,0.6035964414477348,7.364853143692017,4.94916558265686,147.47736421710968,501.5444641113281,-559.464599609375,18.658218383789062,162.39052121210835,756.5879456737982,14.913156994998696,1,20,1788688511.9228377
1788688572.005005,60.064000,gate_sweep_poor_low_r01,0.5860782191157341,7.380140542984009,4.95177149772644,146.91546256765412,501.544677734375,-559.4644775390625,18.658056259155273,162.39052310431475,756.610997619538,15.475060536660628,1,12,1788688511.9409842
1788688572.045124,60.096000,gate_sweep_poor_low_r01,0.5722069069743156,7.3916542530059814,4.953655958175659,146.3872501608871,507.76361083984375,-544.3049926757812,6.396697998046875,130.25520517096913,749.4093626491403,16.132044989917983,1,48,1788688511.9491038
1788688572.105412,60.128000,gate_sweep_poor_low_r01,0.5618819519877434,7.400005578994751,4.955021619796753,145.936180656551,507.6921081542969,-543.93798828125,6.2911906242370605,130.2583483271573,749.1037545957522,15.67783232939368,1,3,1788688511.977393
1788688572.148544,60.160000,gate_sweep_poor_low_r01,0.5448601767420769,7.413495302200317,4.95724081993103,145.07012592734387,507.620361328125,-543.5709228515625,6.186005115509033,130.268259710478,748.8063186017201,14.80186621686586,1,23,1788688511.9885237
1788688572.209966,60.196000,gate_sweep_poor_low_r01,0.5313762947916985,7.424042463302612,4.958950757980347,144.27310136706018,507.54827880859375,-543.2039184570312,6.08112096786499,130.2883189971874,748.5042084370368,13.984782369872809,1,5,1788688512.0139475
1788688572.253343,60.228000,gate_sweep_poor_low_r01,0.5179992839694023,7.4345152378082275,4.960612058639526,143.38486843207025,507.475830078125,-542.836669921875,5.976728916168213,130.3154690513146,748.2016118092945,13.069399380755668,1,8,1788688512.0253158
1788688572.306135,60.260000,gate_sweep_poor_low_r01,0.5047084018588066,7.445022821426392,4.96234393119812,142.41269856464427,507.4029541015625,-542.469482421875,5.872848033905029,130.35134425852343,747.8988057138099,12.061354306120855,1,2,1788688512.0461144
1788688572.350439,60.292000,gate_sweep_poor_low_r01,0.4881873056292534,7.4583470821380615,4.9644529819488525,141.0952563766151,507.32952880859375,-542.1021728515625,5.769613742828369,130.3939992619803,747.5998654428549,10.701257114634803,1,2,1788688512.0584214
1788688572.397614,60.328000,gate_sweep_poor_low_r01,0.4783076271414757,7.466540098190308,4.9657142162323,140.2591173650906,507.2555236816406,-541.73486328125,5.667092800140381,130.44096142837165,747.2923257452958,9.818155936718957,1,1,1788688512.0695934
1788688572.451670,60.360000,gate_sweep_poor_low_r01,0.4651436135172844,7.4777796268463135,4.967467546463013,139.10362344912562,507.180908203125,-541.367431640625,5.565432071685791,130.49163052051347,746.988814893797,8.611992928612162,1,1,1788688512.0916471
1788688572.501030,60.392000,gate_sweep_poor_low_r01,0.45195623487234116,7.489405870437622,4.969312906265259,137.91790600052337,507.10577392578125,-541.0,5.464692115783691,130.54385652733177,746.6853184129441,7.374049473191607,1,31,1788688512.1090138
1788688572.552902,60.424000,gate_sweep_poor_low_r01,0.4354464039206505,7.504585027694702,4.971718072891235,136.41858926968226,507.02996826171875,-540.63232421875,5.364963531494141,130.59577186328434,746.3861168969897,5.822817406397932,1,12,1788688512.1288838
1788688572.607759,60.460000,gate_sweep_poor_low_r01,0.42215626686811447,7.517327547073364,4.973748445510864,135.22801912334447,506.9536437988281,-540.2645263671875,5.266321659088135,130.6463890800997,746.0825644244544,4.581630043244758,1,5,1788688512.1477368
1788688572.651860,60.492000,gate_sweep_poor_low_r01,0.4121122881770134,7.527257204055786,4.975365877151489,134.35254809170092,506.8767395019531,-539.8965454101562,5.168839454650879,130.6952907443536,745.7742793361931,3.657257347347329,1,32,1788688512.1598315
1788688572.705297,60.524000,gate_sweep_poor_low_r01,0.3951391205191612,7.544581174850464,4.978252649307251,132.94761939142353,506.79937744140625,-539.5283813476562,5.0725178718566895,130.74259045424682,745.4757459491502,2.20502893717672,1,7,1788688512.1812801
1788688572.750432,60.556000,gate_sweep_poor_low_r01,0.3812873885035515,7.559194326400757,4.980694055557251,131.8914948152462,506.7215881347656,-539.1600952148438,4.977410793304443,130.79087728344808,745.1727864912125,1.1006175317981366,1,31,1788688512.1944134
1788688572.807908,60.592000,gate_sweep_poor_low_r01,0.3670901879668236,7.57447075843811,4.983215570449829,130.9145047992276,506.6432800292969,-538.7914428710938,4.8834638595581055,130.84799166831172,744.8699899491799,0.06651313091585338,1,5,1788688512.2158878
1788688572.851650,60.624000,gate_sweep_poor_low_r01,0.3487783893942833,7.594389200210571,4.986431360244751,129.82652719339376,506.5644836425781,-538.422607421875,4.790638446807861,130.917956031765,744.5729911701376,1.0914288383712438,1,17,1788688512.2276213
1788688572.901179,60.656000,gate_sweep_poor_low_r01,0.333669476211071,7.610902547836304,4.989125967025757,129.07780431929217,506.4851379394531,-538.0535888671875,4.698845863342285,130.99911762723346,744.2708717135527,1.9213133079412876,1,4,1788688512.245156
1788688572.960396,60.688000,gate_sweep_poor_low_r01,0.32207056134939194,7.623594045639038,4.991219758987427,128.59473872131383,506.4051818847656,-537.6843872070312,4.607900619506836,131.08950707562076,743.9630749695946,2.494768354306943,1,3,1788688512.272378
1788688573.005918,60.724000,gate_sweep_poor_low_r01,0.3021795377135277,7.645293951034546,4.994862794876099,127.94770593586169,506.32470703125,-537.3150634765625,4.51774787902832,131.187445150706,743.6671413590923,3.2397392148443194,1,14,1788688512.2818983
1788688573.056191,60.756000,gate_sweep_poor_low_r01,0.2857915684580803,7.66304087638855,4.9978344440460205,127.5777107331754,506.24359130859375,-536.9456176757812,4.428156852722168,131.2906259684515,743.3654623537678,3.712915235276111,1,5,1788688512.300173
1788688573.115508,60.788000,gate_sweep_poor_low_r01,0.26903753727674484,7.681031942367554,5.000852823257446,127.33865133697262,506.1618347167969,-536.576171875,4.339028358459473,131.39478424202534,743.063835855871,4.056132905052712,1,3,1788688512.3274896
1788688573.159728,60.820000,gate_sweep_poor_low_r01,0.24760105460882187,7.703750371932983,5.004651784896851,127.22288325524521,506.07940673828125,-536.206787109375,4.250092506408691,131.4988177446553,742.7685088801992,4.275934489410083,1,25,1788688512.3397028
1788688573.214919,60.856000,gate_sweep_poor_low_r01,0.23012123256921768,7.721969366073608,5.007616758346558,127.26982043189555,505.99639892578125,-535.8374633789062,4.161259651184082,131.59973594454672,742.4669022239607,4.329915512651172,1,8,1788688512.358897
1788688573.272077,60.888000,gate_sweep_poor_low_r01,0.2169412299990654,7.735588788986206,5.009785890579224,127.3839683666619,505.9128723144531,-535.46826171875,4.072338104248047,131.69632634371715,742.1587948209979,4.312357977055247,1,6,1788688512.3840566
1788688573.317888,60.920000,gate_sweep_poor_low_r01,0.19935553520917892,7.753588914871216,5.01255202293396,127.63403776789136,505.8287658691406,-535.0991821289062,3.9831812381744385,131.78839824015026,741.8566514015762,4.154360472258922,1,25,1788688512.3978589
1788688573.376131,60.952000,gate_sweep_poor_low_r01,0.17758622020483017,7.775647401809692,5.0159008502960205,128.0912939129036,505.7441711425781,-534.7303466796875,3.8936548233032227,131.87503112064815,741.5602368254179,3.7837372077445313,1,4,1788688512.4241126
1788688573.413236,60.988000,gate_sweep_poor_low_r01,0.16047700494527817,7.79280686378479,5.018452882766724,128.56016627505392,505.6591491699219,-534.3616943359375,3.803567886352539,131.95492021369947,741.2569639991443,3.3947539386455343,1,15,1788688512.4252186
1788688573.462607,61.020000,gate_sweep_poor_low_r01,0.1437695249915123,7.809418439865112,5.020856618881226,129.1096423004231,505.5736999511719,-533.993408203125,3.712852954864502,132.01963930693276,740.9530541151258,2.9099970065096645,1,4,1788688512.4425874
1788688573.514155,61.052000,gate_sweep_poor_low_r01,0.13157586008310318,7.821421384811401,5.022541761398315,129.56788603122445,505.48785400390625,-533.6254272460938,3.6214370727539062,132.06639130221987,740.6427079544253,2.4985052709954356,1,1,1788688512.4621391
1788688573.573314,61.084000,gate_sweep_poor_low_r01,0.11194463819265366,7.840511083602905,5.025044202804565,130.40503203787782,505.4018249511719,-533.2577514648438,3.5292184352874756,132.09830441435014,740.3427789709166,1.6932723764723172,1,0,1788688512.4892962
1788688573.617055,61.120000,gate_sweep_poor_low_r01,0.09692218154668808,7.854863882064819,5.026655435562134,131.1273237979462,505.4017333984375,-533.2575073242188,3.5292234420776367,132.09829914122395,740.3632843503245,0.9709753432777538,1,1,1788688512.497031
1788688573.666592,61.152000,gate_sweep_poor_low_r01,0.08254620432853699,7.868395090103149,5.028047323226929,131.884091993021,505.4016418457031,-533.2572631835938,3.5292351245880127,132.09830072568067,740.3827475704477,0.2142087326596608,1,0,1788688512.5145712
1788688573.715559,61.184000,gate_sweep_poor_low_r01,0.0655139684677124,7.884216070175171,5.029459238052368,132.85937322925446,505.4015197753906,-533.2570190429688,3.5292253494262695,132.09829700302814,740.4056765087596,0.7610762262263242,1,0,1788688512.531541
1788688573.774729,61.216000,gate_sweep_poor_low_r01,0.05279843509197235,7.8959362506866455,5.030304670333862,133.6495712436481,505.40142822265625,-533.2568359375,3.5292234420776367,132.0982997657014,740.4227263664872,1.5512714779466776,1,0,1788688512.5587106
1788688573.823149,61.252000,gate_sweep_poor_low_r01,0.043846648186445236,7.904165029525757,5.030808210372925,134.2409202008467,506.1045227050781,-532.7675170898438,4.291345119476318,132.12653854491873,740.5564276289887,2.1143816559279456,1,11,1788688512.5711334
1788688573.872950,61.284000,gate_sweep_poor_low_r01,0.03002779558300972,7.916856527328491,5.031464338302612,135.21060724409216,506.104736328125,-532.7676391601562,4.291254997253418,132.12653763681547,740.5753725334077,3.084069607276709,1,1,1788688512.5889227
1788688573.933675,61.316000,gate_sweep_poor_low_r01,0.020064782351255417,7.92604660987854,5.031851053237915,135.9622320676746,506.10498046875,-532.767822265625,4.29118537902832,132.12653550224914,740.5891913270882,3.835696565425444,1,0,1788688512.6176498
1788688573.975609,61.348000,gate_sweep_poor_low_r01,0.011113647371530533,7.9343507289886475,5.032111883163452,136.68075825151365,506.48309326171875,-532.5201416015625,4.685178279876709,132.14144672138062,740.6787730033004,4.539311530133043,1,14,1788688512.6275856
1788688574.027361,61.384000,gate_sweep_poor_low_r01,0.0013108421117067337,7.943579912185669,5.0322582721710205,137.5255146663896,506.478515625,-532.537841796875,4.718981742858887,132.14105111907162,740.7019807719695,5.384463547317976,1,1,1788688512.64334
1788688574.082361,61.416000,gate_sweep_poor_low_r01,-0.005421343259513378,7.950031995773315,5.032228231430054,138.1485523375031,526.6469116210938,-561.644287109375,-16.444904327392578,132.21384057406905,776.0551754847091,5.934711763434051,1,1,1788688512.666336
1788688574.127951,61.448000,gate_sweep_poor_low_r01,-0.009880734141916037,7.954385995864868,5.032169580459595,138.58100223094434,526.6467895507812,-561.6442260742188,-16.444854736328125,132.2138431850204,776.0612667832816,6.367159045923927,1,17,1788688512.6799304
1788688574.176015,61.480000,gate_sweep_poor_low_r01,-0.016152698313817382,7.960684537887573,5.031986951828003,139.23208241522966,526.646728515625,-561.6441650390625,-16.44481658935547,132.21383780864858,776.0700536681557,7.018244606581088,1,1,1788688512.6959982
1788688574.231476,61.516000,gate_sweep_poor_low_r01,-0.020110431825742126,7.964871168136597,5.031722784042358,139.68784517717825,526.6466674804688,-561.6441040039062,-16.444765090942383,132.21383356099267,776.075717365585,7.474011616185576,1,1,1788688512.7154524
1788688574.275501,61.548000,gate_sweep_poor_low_r01,-0.02315894840285182,7.968353986740112,5.031412839889526,140.08128359873174,526.515625,-561.7443237304688,-16.58591079711914,132.20884131360918,776.0688982524698,7.872442285122561,1,14,1788688512.7274823
1788688574.326428,61.580000,gate_sweep_poor_low_r01,-0.02529621170833707,7.971126317977905,5.031046152114868,140.41365275923957,526.5526123046875,-561.7476806640625,-16.46280860900879,132.2099332415545,776.0965136882354,8.20371951768509,1,3,1788688512.7463968
1788688574.374928,61.612000,gate_sweep_poor_low_r01,-0.026738842017948627,7.973703145980835,5.030575513839722,140.7417607096048,543.8522338867188,-590.9243774414062,-30.463233947753906,132.33500180075413,809.7796357144445,8.406758908850666,1,3,1788688512.7629087
1788688574.420542,61.648000,gate_sweep_poor_low_r01,-0.0268942778930068,7.974762678146362,5.0302207469940186,140.89338206367609,660.2955322265625,-820.43359375,25.5299072265625,140.27845970519084,1059.578382702514,0.6149223584852385,1,12,1788688512.7725215
1788688574.471681,61.680000,gate_sweep_poor_low_r01,-0.026396755129098892,7.975680112838745,5.029691457748413,141.04436217019318,660.29541015625,-820.4334106445312,25.530115127563477,140.27845489432937,1059.5785849585689,0.7659072758638094,1,2,1788688512.791649
1788688574.519003,61.712000,gate_sweep_poor_low_r01,-0.025177990552037954,7.976041555404663,5.02907919883728,141.13993111453445,660.2952880859375,-820.4332275390625,25.530338287353516,140.27845707576785,1059.5779049533432,0.8614740387666094,1,0,1788688512.8069875
1788688574.569220,61.744000,gate_sweep_poor_low_r01,-0.022605522070080042,7.975669622421265,5.028270959854126,141.18441441125358,660.295166015625,-820.4330444335938,25.530561447143555,140.27845257049188,1059.5758117509447,0.9059618407616948,1,0,1788688512.825203
1788688574.624527,61.780000,gate_sweep_poor_low_r01,-0.01974938716739416,7.974731206893921,5.02757716178894,141.1655914837095,660.2949829101562,-820.4328002929688,25.53079605102539,140.2784419349194,1059.5730111320324,0.8871495487900999,1,0,1788688512.844509
1788688574.674532,61.812000,gate_sweep_poor_low_r01,-0.017167769779916853,7.973654508590698,5.026984453201294,141.12221151398992,660.2947998046875,-820.4325561523438,25.531005859375,140.2784475510804,1059.5702710426986,0.8437639629095127,1,0,1788688512.8625135
1788688574.724468,61.844000,gate_sweep_poor_low_r01,-0.012132380157709122,7.971163511276245,5.025922060012817,140.99928775041116,660.294677734375,-820.432373046875,25.53122901916504,140.27844528303868,1059.5649911539977,0.7208424673724875,1,0,1788688512.8804493
1788688574.772120,61.876000,gate_sweep_poor_low_r01,-0.007429958321154118,7.96853232383728,5.025033235549927,140.86028824937972,660.2944946289062,-820.43212890625,25.53143882751465,140.27844460447398,1059.5597197941909,0.5818436449057547,1,0,1788688512.896097
1788688574.818692,61.912000,gate_sweep_poor_low_r01,-0.0021265102550387383,7.965348958969116,5.0241382122039795,140.69051765411376,660.2943725585938,-820.4319458007812,25.531661987304688,140.2784401667458,1059.5537283117064,0.4120774873679395,1,0,1788688512.9066606
1788688574.870683,61.944000,gate_sweep_poor_low_r01,0.005368243902921677,7.960521459579468,5.023167848587036,140.44146032906755,660.2941284179688,-820.4317016601562,25.5318660736084,140.2784438041884,1059.5449631046092,0.16301652487913496,1,0,1788688512.9266622
1788688574.918741,61.976000,gate_sweep_poor_low_r01,0.011950545012950897,7.956018686294556,5.022571325302124,140.21618226841343,660.2939453125,-820.4314575195312,25.532075881958008,140.27844014649366,1059.5370513228638,0.06225787808022337,1,0,1788688512.9427218
1788688574.965645,62.008000,gate_sweep_poor_low_r01,0.017167259007692337,7.952319860458374,5.0221006870269775,140.03642986098927,660.2938232421875,-820.4312744140625,25.532283782958984,140.27843662300583,1059.5307023914565,0.2420067620165556,1,0,1788688512.9576292
1788688575.020414,62.044000,gate_sweep_poor_low_r01,0.02622928097844124,7.94571328163147,5.021476984024048,139.71893769180036,660.2936401367188,-820.4310302734375,25.532493591308594,140.27843980226146,1059.5196010000511,0.5595021104611029,1,0,1788688512.976395
1788688575.072150,62.076000,gate_sweep_poor_low_r01,0.03372057154774666,7.940134763717651,5.021129846572876,139.4555231454056,660.2935180664062,-820.4307861328125,25.53270721435547,140.278443580783,1059.5103149951074,0.8229204353773966,1,0,1788688512.9961264
1788688575.122071,62.108000,gate_sweep_poor_low_r01,0.04126475751399994,7.93442702293396,5.020801305770874,139.1875709908983,660.29345703125,-820.4305419921875,25.532896041870117,140.27842930436583,1059.5009321959844,1.0908583134675223,1,0,1788688513.0140529
1788688575.173676,62.140000,gate_sweep_poor_low_r01,0.05061633139848709,7.92726731300354,5.020449876785278,138.8523608848511,660.2932739257812,-820.4302978515625,25.533130645751953,140.278437579738,1059.4892131329093,1.4260766948869181,1,0,1788688513.033651
1788688575.231235,62.176000,gate_sweep_poor_low_r01,0.057939931750297546,7.9216344356536865,5.020179033279419,138.5862821812726,660.2931518554688,-820.4301147460938,25.533353805541992,140.27844092017264,1059.4800355720042,1.6921587389000574,1,0,1788688513.055213
1788688575.277151,62.208000,gate_sweep_poor_low_r01,0.06326141208410263,7.91750168800354,5.01994776725769,138.38988102740237,660.29296875,-820.4298095703125,25.5335636138916,140.2784405939079,1059.4731440463675,1.8885595665055268,1,5,1788688513.0691342
1788688575.328585,62.240000,gate_sweep_poor_low_r01,0.07008224725723267,7.912157773971558,5.019696474075317,138.1355801071058,660.2927856445312,-820.4296875,25.533781051635742,140.27843560162302,1059.4645149221133,2.142855494517207,1,0,1788688513.0885673
1788688575.384763,62.272000,gate_sweep_poor_low_r01,0.07809483259916306,7.905860662460327,5.019517183303833,137.82963890307607,660.2926635742188,-820.429443359375,25.53403091430664,140.27844004023888,1059.4543397151424,2.4488011371627865,1,0,1788688513.1127465
1788688575.435758,62.308000,gate_sweep_poor_low_r01,0.08406393975019455,7.901176691055298,5.019442319869995,137.5998305039719,660.29248046875,-820.4292602539062,25.534250259399414,140.27843754177349,1059.4467062433844,2.6786070378015787,1,0,1788688513.12774
1788688575.487339,62.340000,gate_sweep_poor_low_r01,0.08959861844778061,7.896827459335327,5.0193774700164795,137.38535231184366,660.2923583984375,-820.4290771484375,25.534473419189453,140.2784280179824,1059.4396431261216,2.8930757061387298,1,0,1788688513.1473212
1788688575.543499,62.372000,gate_sweep_poor_low_r01,0.09341620653867722,7.893821954727173,5.019307851791382,137.2347649057086,660.292236328125,-820.4288330078125,25.534698486328125,140.27843856923616,1059.4346530423727,3.043673663527555,1,0,1788688513.171481
1788688575.588340,62.404000,gate_sweep_poor_low_r01,0.09915097802877426,7.889283895492554,5.019281625747681,137.0052882180679,660.2920532226562,-820.4285888671875,25.53493309020996,140.27843677807925,1059.4272313223248,3.2731485600113364,1,13,1788688513.1843185
1788688575.638050,62.440000,gate_sweep_poor_low_r01,0.10312870889902115,7.886064291000366,5.01933741569519,136.84237481722698,660.2919311523438,-820.4284057617188,25.535131454467773,140.2784407294567,1059.422018826996,3.436065912229725,1,0,1788688513.1980336
1788688575.690781,62.472000,gate_sweep_poor_low_r01,0.10659312456846237,7.883183717727661,5.019474267959595,136.6968069674157,660.2918090820312,-820.42822265625,25.535329818725586,140.278434918491,1059.417389713336,3.581627951075289,1,0,1788688513.2187636
1788688575.740808,62.504000,gate_sweep_poor_low_r01,0.11027076095342636,7.880011320114136,5.019734621047974,136.5413375348759,660.2916870117188,-820.4280395507812,25.535537719726562,140.27843614511525,1059.4123973586452,3.737098610239335,1,0,1788688513.236791
1788688575.788090,62.536000,gate_sweep_poor_low_r01,0.11263305693864822,7.877869367599487,5.020004034042358,136.43773506459243,660.2915649414062,-820.4277954101562,25.535762786865234,140.27843705949587,1059.4089827655043,3.840701994903446,1,0,1788688513.25207
1788688575.835032,62.572000,gate_sweep_poor_low_r01,0.1140851303935051,7.876499891281128,5.020262956619263,136.3712121040603,660.2913818359375,-820.4275512695312,25.535972595214844,140.27843722916643,1059.4067012232972,3.9072251251061316,1,0,1788688513.263011
1788688575.887548,62.604000,gate_sweep_poor_low_r01,0.11594244092702866,7.874624013900757,5.020704507827759,136.2818912386533,660.291259765625,-820.4273681640625,25.536195755004883,140.27843644913227,1059.4038536987966,3.9965452104789647,1,0,1788688513.2835298
1788688575.935627,62.636000,gate_sweep_poor_low_r01,0.11694277077913284,7.873461008071899,5.021071672439575,136.22944214242213,660.2910766601562,-820.4271240234375,25.53643035888672,140.27844660951246,1059.4020134784357,4.049004467090315,1,0,1788688513.299608
1788688575.984137,62.668000,gate_sweep_poor_low_r01,0.11747177690267563,7.872629404067993,5.021470785140991,136.19242395795348,660.2909545898438,-820.4268798828125,25.536670684814453,140.27845057738458,1059.4007636023202,4.0860266194311015,1,0,1788688513.3161187
1788688576.033600,62.704000,gate_sweep_poor_low_r01,0.11749372631311417,7.872008562088013,5.021844148635864,136.166337172487,660.290771484375,-820.4265747070312,25.536897659301758,140.27844650953946,1059.3999089729991,4.1121093370524555,1,0,1788688513.3295825
1788688576.086842,62.736000,gate_sweep_poor_low_r01,0.11701921373605728,7.871747255325317,5.022090673446655,136.16188280871916,660.2905883789062,-820.42626953125,25.537134170532227,140.2784492979227,1059.3996474638552,4.1165664892035405,1,0,1788688513.3508203
1788688576.137682,62.768000,gate_sweep_poor_low_r01,0.11640448123216629,7.87169623374939,5.022252798080444,136.16602732228523,660.2904663085938,-820.4260864257812,25.537357330322266,140.27845350529316,1059.3997725987583,4.112426183007919,1,0,1788688513.3696613
1788688576.192340,62.800000,gate_sweep_poor_low_r01,0.11490287631750107,7.871920347213745,5.022604703903198,136.1874210301562,660.290283203125,-820.42578125,25.537567138671875,140.27845448472036,1059.4005281028378,4.09103345456415,1,0,1788688513.392319
1788688576.237725,62.836000,gate_sweep_poor_low_r01,0.113294817507267,7.87240195274353,5.022908926010132,136.2154829599816,675.178955078125,-821.3343505859375,98.79507446289062,140.6082987750512,1073.3548822026783,4.392815815069571,1,12,1788688513.4017086
1788688576.284331,62.868000,gate_sweep_poor_low_r01,0.11135587841272354,7.873147249221802,5.023188829421997,136.2525773206582,648.2545776367188,-849.1195068359375,174.86810302734375,139.849281332536,1087.829646565151,3.59670401187782,1,1,1788688513.416312
1788688576.331767,62.900000,gate_sweep_poor_low_r01,0.10916181653738022,7.874162435531616,5.023391962051392,136.29820776250898,648.2546997070312,-849.1197509765625,174.86795043945312,139.8492823691703,1087.8319631069483,3.5510746066613206,1,1,1788688513.431745
1788688576.385818,62.932000,gate_sweep_poor_low_r01,0.10612212866544724,7.875775575637817,5.023517847061157,136.3639881088066,648.2548217773438,-849.1199951171875,174.86778259277344,139.8492819618692,1087.8352642329048,3.485293853062602,1,0,1788688513.4538028
1788688576.436664,62.968000,gate_sweep_poor_low_r01,0.10414127260446548,7.876929521560669,5.023541212081909,136.40759243968358,648.2549438476562,-849.1201782226562,174.86764526367188,139.84928141228582,1087.837545427498,3.4416889726022455,1,0,1788688513.4686463
1788688576.485836,63.000000,gate_sweep_poor_low_r01,0.10131995379924774,7.878631830215454,5.023548364639282,136.46874862198433,648.2550659179688,-849.1204223632812,174.8674774169922,139.84927966225388,1087.8408052338696,3.380531040269544,1,0,1788688513.4858177
1788688576.538212,63.032000,gate_sweep_poor_low_r01,0.09832237660884857,7.880511045455933,5.02351975440979,136.53291691543427,648.255126953125,-849.1205444335938,174.8673095703125,139.8492841585999,1087.8441824774695,3.3163672431656015,1,0,1788688513.5061882
1788688576.593436,63.064000,gate_sweep_poor_low_r01,0.09435959905385971,7.88310170173645,5.023378610610962,136.6149896127154,648.2552490234375,-849.1207275390625,174.8671417236328,139.84928514648016,1087.848797297305,3.2342955337647714,1,0,1788688513.529417
1788688576.640635,63.100000,gate_sweep_poor_low_r01,0.09104214608669281,7.885297060012817,5.023164987564087,136.6825159745802,648.25537109375,-849.1209716796875,174.86697387695312,139.84928566580487,1087.8527756076985,3.1667696912246606,1,3,1788688513.5406153
1788688576.694107,63.132000,gate_sweep_poor_low_r01,0.08849392086267471,7.887008428573608,5.022964715957642,136.73280864972384,648.2554931640625,-849.1212158203125,174.8668212890625,139.84928436601072,1087.8559146108407,3.1164757162868826,1,0,1788688513.5620885
1788688576.745003,63.164000,gate_sweep_poor_low_r01,0.08413443714380264,7.8899829387664795,5.022570371627808,136.81505335423202,648.2556762695312,-849.1213989257812,174.86668395996094,139.84928510379015,1087.861148863844,3.0342317495581175,1,0,1788688513.5809872
1788688576.794599,63.196000,gate_sweep_poor_low_r01,0.08052971214056015,7.8924925327301025,5.022175550460815,136.87982312150325,648.2557983398438,-849.1216430664062,174.8665313720703,139.84929356705473,1087.8655765680737,2.969470445551498,1,0,1788688513.5985808
1788688576.842840,63.232000,gate_sweep_poor_low_r01,0.07685847580432892,7.895154714584351,5.021705865859985,136.94053388475456,648.255859375,-849.1218872070312,174.86634826660156,139.8492938951762,1087.8701346681926,2.9087600104216396,1,0,1788688513.6108232
1788688576.895371,63.264000,gate_sweep_poor_low_r01,0.07222311943769455,7.898676156997681,5.021195650100708,137.0130786784351,648.2559204101562,-849.1221923828125,174.8661651611328,139.84929718047164,1087.8759985468932,2.83621850203652,1,0,1788688513.6313539
1788688576.942564,63.296000,gate_sweep_poor_low_r01,0.06850066035985947,7.9015796184539795,5.020840406417847,137.0667915731795,648.2560424804688,-849.1223754882812,174.86602783203125,139.84929786498876,1087.880754811495,2.7825062918092667,1,0,1788688513.646545
1788688576.991188,63.328000,gate_sweep_poor_low_r01,0.0657474622130394,7.903780221939087,5.020589113235474,137.10397735894747,648.2561645507812,-849.1226196289062,174.86585998535156,139.84930338427557,1087.8844069497345,2.7453260253281044,1,0,1788688513.6631656
1788688577.037838,63.364000,gate_sweep_poor_low_r01,0.06122426688671112,7.907440423965454,5.020225763320923,137.1611244556794,648.2562866210938,-849.1228637695312,174.86569213867188,139.8493098860533,1087.8902810553243,2.6881854303738653,1,0,1788688513.6738176
1788688577.091498,63.396000,gate_sweep_poor_low_r01,0.05766163766384125,7.9103782176971436,5.019941091537476,137.20049898199392,648.2564086914062,-849.1231079101562,174.86553955078125,139.8493105866423,1087.895003822741,2.6488116046483996,1,0,1788688513.695476
1788688577.136685,63.428000,gate_sweep_poor_low_r01,0.054154910147190094,7.913292646408081,5.019643545150757,137.23639703249827,648.2565307617188,-849.1233520507812,174.86537170410156,139.84930902316935,1087.8996745046313,2.6129119906710803,1,0,1788688513.708665
1788688577.187552,63.460000,gate_sweep_poor_low_r01,0.049805767834186554,7.916867017745972,5.019272089004517,137.27304960500692,648.256591796875,-849.1235961914062,174.865234375,139.84931409849742,1087.9053469565781,2.5762644934904912,1,0,1788688513.7275336
1788688577.241653,63.496000,gate_sweep_poor_low_r01,0.046391941606998444,7.919639825820923,5.0189759731292725,137.29645112947276,648.2566528320312,-849.1238403320312,174.86509704589844,139.84931479774232,1087.9098188950131,2.552863668269567,1,0,1788688513.7456343
1788688577.288971,63.528000,gate_sweep_poor_low_r01,0.04387456178665161,7.921658754348755,5.018754243850708,137.31127955929662,648.2567138671875,-849.1240844726562,174.8649139404297,139.84930923051348,1087.9131440457802,2.5380296712168686,1,0,1788688513.7609537
1788688577.337801,63.560000,gate_sweep_poor_low_r01,0.04060326889157295,7.924297094345093,5.018428087234497,137.32693775592784,648.2568359375,-849.124267578125,174.86474609375,139.84931188042597,1087.9174133373338,2.5223741244981506,1,0,1788688513.7777812
1788688577.382752,63.592000,gate_sweep_poor_low_r01,0.03664698079228401,7.927475690841675,5.018060922622681,137.33893978921768,648.2570190429688,-849.1244506835938,174.86460876464844,139.84931188155156,1087.922563913632,2.5103720923338604,1,0,1788688513.7907326
1788688577.426916,63.628000,gate_sweep_poor_low_r01,0.03359527885913849,7.929898500442505,5.0178492069244385,137.342981131038,648.2571411132812,-849.1246948242188,174.8644561767578,139.84931773983962,1087.9265651744224,2.506336608801638,1,0,1788688513.798899
1788688577.472461,63.660000,gate_sweep_poor_low_r01,0.030641261488199234,7.93221116065979,5.017595529556274,137.34288419133162,648.2572631835938,-849.1249389648438,174.8643035888672,139.849318041,1087.930428009245,2.5064338496683787,1,0,1788688513.8124468
1788688577.517922,63.692000,gate_sweep_poor_low_r01,0.0284620001912117,7.9338624477386475,5.017430543899536,137.3406441074536,648.2573852539062,-849.1251220703125,174.86416625976562,139.84931256885093,1087.9332486504486,2.508668461397314,1,0,1788688513.8259053
1788688577.562324,63.724000,gate_sweep_poor_low_r01,0.024890031665563583,7.936464548110962,5.017190217971802,137.3314797482144,648.2575073242188,-849.1253662109375,174.864013671875,139.84931961956062,1087.937705617094,2.5178398713462116,1,2,1788688513.838311
1788688577.609746,63.760000,gate_sweep_poor_low_r01,0.02211487665772438,7.9384400844573975,5.017115354537964,137.32144655525968,648.2576293945312,-849.1255493164062,174.86387634277344,139.84931283347134,1087.9411226845737,2.5278662782116723,1,0,1788688513.8497093
1788688577.657842,63.792000,gate_sweep_poor_low_r01,0.019411370158195496,7.940335035324097,5.01706337928772,137.30917301954352,648.2577514648438,-849.1257934570312,174.86370849609375,139.8493118369739,1087.9444733234423,2.540138817430395,1,0,1788688513.8658261
1788688577.706752,63.824000,gate_sweep_poor_low_r01,0.016120221465826035,7.942614793777466,5.016957998275757,137.28830350655696,648.2578735351562,-849.1259765625,174.8635711669922,139.84930925693226,1087.948442268072,2.561005750375287,1,0,1788688513.882735
1788688577.755242,63.856000,gate_sweep_poor_low_r01,0.013567876070737839,7.944412469863892,5.016881227493286,137.26964284010398,648.258056640625,-849.1261596679688,174.86338806152344,139.84931010805525,1087.9516159839152,2.579667267951273,1,0,1788688513.8992207
